2252836
2270993
2218074
2182584
2157635
2215550
2202540
2272976
2166047
2146860
2211265
2220084
2294353
2188056
2268953
2262796
2246001
2285305
2500724
2630310
2318883
2306813
2351062
2412437
2377102
2409577
2358521
2414146
2357290
2334504
2340795
2374659
2360710
2409968
2457326
2327100
2471680
2502133
2495288
2459652
2445910
2475270
2485243
2587542
2583284
2551247
2519511
2510042
2422483
2573033
2493632
2556039
2623506
2556983
2582378
2602717
2662799
2623487
2600711
2581539
2631917
2680989
2642012
2632525
2583203
2681227
2642004
2693790
2704795
2678041
2670721
2720222
2780664
2697560
2772544
2828309
2731932
2780721
2862942
2830567
2878079
2852141
2906608
2910475
2871424
2981425
2876032
2928594
2976593
2946660
2992857
2991815
2882602
3001598
2898930
3043029
3114184
3250183
3512298
3100218
3175809
3105546
3211732
3218147
3152341
3230358
3272286
3159865
3139486
3177898
3261235
3513377
3267450
3318378
3661309
4069534
3583790
4267979
3660125
4375143
3415160
3718855
4064604
3714035
4106006
4090449
4553996
3528302
3531173
3343213
3402987
3358259
3308794
3312328
3376975
3388172
3370946
3437441
3528932
3567773
3458140
3550296
3488085
3563438
3519226
3452757
3581332
3504050
3577585
3553402
3596882
3566656
3644749
3577219
3547694
3646767
3632308
3694516
3743531
3707059
3675591
3802325
3726933
3744129
3773229
3933811
3901188
3765038
3691238
3862876
4008217
3850564
3732933
3750376
3921961
3894913
3816544
3965178
4930913
4722361
4140721
4000012
4070972
4418768
4109590
4000471
4081584
4080305
4082408
4166325
4097832
4130079
4100551
4063915
4087718
4050902
4143789
4112960
4119041
4213158
4168057
4197469
4188871
4224205
4319686
4242525
4281810
4267747
4243947
4193342
4318330
4349326
4306070
4319991
4276701
4273593
4379044
4405026
4325295
4297666
4356029
4504240
4492993
4453868
4497860
4324834
4467766
4403728
4672595
4557542
4553633
4460513
4450308
4555296
4770287
4743840
4687745
4573318
4523176
4662448
4587255
4653505
4667342
4684659
4692359
4951459
4682649
4715313
4652593
4736160
4810950
4755137
4792490
4859214
4780266
4889297
4921998
4841318
4927058
4957982
4904485
4951189
4926871
5116801
4948738
4828329
4998388
4874932
4880744
4959433
4947305
5165742
5040256
5062638
5104044
5123694
5192842
5108506
5142912
5180028
5112470
5322027
5066231
5209524
5220905
5316938
5264940
5684416
5452542
5452632
5433937
5338043
5329217
5215557
5490230
5571239
5371067
5412037
5380570
5350846
5490326
5365799
5582182
5569789
5459724
5425239
5391070
5538485
5421353
5647845
5640787
5567354
5800435
5663271
5641628
5577015
5732141
5667778
5764059
5711733
5705847
5646791
5776048
5824473
5737922
5700296
5872882
5900145
5731579
6049826
6001264
5793301
5775218
5908761
5908824
5726532
5868430
5947586
5712550
5922171
5883584
5830161
5997770
6225410
6051000
5939624
6076268
6020539
6076045
6161499
6184216
5971412
6199933
6106161
6356631
6160739
6260775
6234882
6149407
6379119
6268066
6358529
6405650
6386673
6253061
6528658
6333073
6450398
6354511
6781708
6661718
6519659
6472413
6545486
6513106
6550996
6481702
6829429
6502012
6467962
6576157
6477514
6589679
6691303
6593283
6685770
6845633
6623443
6661184
6749180
6868748
6603582
6738700
6732381
6837496
6784457
6886160
6910930
6908862
6923412
6870297
6866031
6924543
6802145
7003327
6997286
7132755
7031421
6837555
7147677
6982869
7129653
7115955
6934988
6942009
6987820
7040755
7185076
7134757
7237074
7320805
7197609
7175278
7012954
7236429
7321136
7260206
7233366
7260936
7098744
7398975
7402016
7470314
7380024
7423819
7462895
7522799
7469210
7400495
7652367
7623974
7853011
8201452
7676303
7636548
7632997
7592817
7771964
7669123
7632359
7653638
7878158
7741544
7627283
7785483
7754687
7871733
7725921
7855910
7927642
7837582
7803163
7950197
7909205
7962818
7896059
8072076
7904018
8047131
7884710
7890378
8183071
8056971
8081337
8120172
8147822
8196947
8108335
8324840
8098136
8187657
8261390
8331558
8289582
8530468
8552029
8240539
8326848
8228840
8179852
8236533
8352256
8326305
8526038
8406919
8602096
8723027
8365442
8526849
8415859
8554546
9188779
8719233
8815490
8658522
8545820
8685253
8745782
8641119
8603121
8676196
8690263
8749479
8723514
8941791
8911887
8978555
8834225
8950615
8733986
9021702
8774436
8978178
9002623
8829795
9044222
9182391
9298123
9195313
9098773
9192775
8944811
9062591
9293268
9220366
9231396
9265205
9165663
9324061
9191327
9412112
9220656
9436818
9181599
9325017
9415547
9194175
9211570
9183282
9378251
9302466
9500069
9407651
9638026
9375846
9506691
9635904
9980464
10117443
9634273
9883166
10903990
10518544
9987313
9688230
9625812
9718457
10030614
9692372
9734459
9975563
10206210
9805430
9970750
9899169
9605534
9945316
9917422
9871630
10049848
10087349
9947890
9806855
10017442
10096564
10261714
10116140
9850422
9998179
10124377
10212664
10205383
10091605
9925021
10139930
10014881
10309176
10309195
10376080
10339101
10466522
10438177
10561072
10401503
10327964
11162550
10610014
10676573
10515973
10522946
10391123
10541319
11128675
11508413
11654096
11811363
11995440
11842554
12249258
13516336
12002230
12989128
12989409
13630829
11202190
10849263
10924690
10934232
10717979
11093317
10902115
11062214
10893251
11300313
10941734
11187776
11129840
11188342
10648038
11027898
10800788
11032473
10917148
11299052
11628641
11487578
11442802
11040119
11377817
11810068
11547328
11618992
11309139
11616516
11240081
11268589
11321112
11586029
11539528
11409539
11400773
11578341
11609246
11563676
11929598
11757591
11594833
11556044
11753630
11936631
11653769
11844726
11717679
11817084
12110879
11964788
11781201
11926089
11763109
12100117
11684959
11909012
12005124
11993831
11985393
12114925
12017215
12154660
12118801
11928651
12287275
12908467
12399279
12163255
12355483
12277325
12162395
12123538
12368503
12653632
12404281
12647957
12386239
12780687
12515215
12340313
12466614
12211855
12505498
12487265
12633598
12860756
12804448
12660891
12412568
12770607
12447019
12780012
12630872
12955285
12739684
12697528
12718997
12703134
12931292
12622739
13022178
13119482
12725837
13090691
13011859
14143469
13173984
13088223
13325956
12884903
13224497
13376532
13128391
13174882
13322534
13383228
13407412
13179759
13265523
13184109
13388716
13537157
13470960
13749072
13178560
13317040
13584688
13490446
13488755
13577916
13626143
13655529
13461546
13462595
13561047
13552537
14055850
13840638
14027089
13784954
14013557
14592269
13785675
13542291
13939403
13800210
14068917
13768872
14015679
13919411
13994054
14076065
14118250
14226055
14201166
14307556
14079537
14179921
14226181
14300132
14132746
14276140
14110943
14314395
14287711
14332283
14313667
14260615
14200708
14456951
14389020
14169357
14299770
14465465
14279585
14508655
15197562
14550880
14527290
14800065
14455060
14616673
14571126
14598666
14841838
14365222
14706332
14754313
15152447
14926114
14672783
14694953
14759564
14793583
14869213
14987468
15560145
14890351
15059283
15252735
14716153
14928779
14778381
15202302
15183760
15191225
15817243
15271868
15146860
15888329
15429283
15363768
14662680
15136987
15296259
15643818
15104623
15532612
15606472
15295594
15380095
15313233
15415380
15400108
15526351
15746617
15761494
15638983
15538130
15561445
15457458
15994414
16066056
15478378
15428136
15599047
15561537
15832044
15938897
15855827
15664300
16796242
16382163
16158379
16138776
15795319
16203914
16271996
16016955
16051236
16510792
16578467
16342662
15911613
16045429
16420629
16596692
16106253
16154437
16606814
16192822
16248853
16448304
16636572
16324801
16552140
16524728
16516376
17029610
16576818
16791546
17440392
16600770
16702249
16848361
16687561
16576193
16448138
17326246
17030908
17268491
16764469
17045636
16854555
16796254
17107503
17207530
17010155
17303391
16963639
17071560
17022401
17400429
16876909
16974143
17263302
17229385
17073552
17747285
17089777
17309344
18133239
17038420
17107377
17615163
17298005
17434814
17201725
17853281
17728689
17841565
17775381
17645948
17778599
17805192
17918613
17973471
17945731
17779810
17710551
18189768
17893817
17940818
17941478
17994161
18497903
18576650
18259359
19440694
18291938
17954532
18037791
18391490
18220033
18153600
18475056
17767838
18378849
18114407
18459099
18467587
18791542
18963026
18494102
18579525
18200155
18507054
18422233
18106259
18339577
18641740
18855745
18840586
18900393
18447879
19387663
19118772
18943700
19029881
18962574
18712918
18990981
18657699
19059359
19103715
19224334
18961066
19021972
19172460
19091370
19522370
19404834
18893830
19187360
19027195
18874446
19260640
19547514
19453650
19423370
19281169
20713293
19676671
19960358
19738059
19572410
19747720
19766030
19600448
19528122
19668956
19370663
19608347
19458933
19798008
19996222
19912587
19734968
19149389
19972627
19839025
19567762
20186217
19934312
20524223
20055306
20793829
20786548
20048261
20504569
19691811
19918556
19872374
19869046
20313668
20209709
20503882
20040745
20012638
20459383
20541926
20253709
20430118
21258195
20639928
20456352
20190452
20775992
20730476
21212202
21306654
20937099
20753824
20776893
20859838
20693840
20781888
20660581
21126031
21042808
20923137
20797787
21583880
21264440
21202141
21088504
21440080
21386859
21445424
21171696
21251690
21202975
21597633
21183212
22482091
21654506
21414156
21296608
21620062
21258518
21313667
21857435
21410574
21248866
21698114
21598272
21868287
21865287
22936018
23136135
23088650
22875256
22800730
23406213
22721327
23378095
24631077
23309902
23583527
23678336
22809095
22140896
22138061
22610298
22389470
22412285
22802026
22201577
22305500
22131181
22373509
22009163
22337077
21915914
22461863
22367388
23292545
22677550
23588753
23070868
23019265
22571380
22167985
22561559
22005514
22959366
22648947
22324987
22767271
22899067
22718165
22634830
22872165
22661133
22586948
22802197
23150341
22936107
23992375
22643709
24194189
23524082
23119785
23132894
23222316
23567242
23440897
23323627
23378118
23331679
23145535
24148524
23720997
23212955
23181436
23025024
23024324
23384002
23099836
23442428
23889833
24869407
24390943
23393144
23692506
23370978
23726760
23691334
23715315
23994294
23638780
24259652
24318026
24215210
23952013
24418036
23911772
23974456
24276639
24431871
24124461
23809843
25156902
24593094
24632546
24258673
24119196
24334888
24890758
24862745
24558973
23929944
24368118
24196010
24677187
24348601
24887943
24408635
24394009
24831277
24747206
24705528
25667328
25450101
25103107
25186033
25067957
24971499
25007896
25108971
25425370
24946082
25083869
25278551
25566158
24612305
25707050
25600290
25265465
25875905
25313351
25846419
26740029
25494344
25335532
25394957
25607451
26031219
25918259
25696489
25648445
26038842
25643015
25785384
25511666
26122477
25892670
25868552
25927611
26041347
26263482
27430553
26426296
26394954
25984981
25993050
25847266
26663772
26263171
26173753
26375117
26169841
26620662
26077054
26709860
26094280
26389316
26263569
26445614
26840070
27894397
26520010
26661316
27167248
26737385
27276247
26894583
26703506
26860655
26464301
27224588
27040162
26761912
27283785
27032841
27119082
27011861
27656116
27828688
27491962
27272829
27282941
27717075
27113912
27586954
27327110
27559104
27814702
27203952
27962845
27898506
27226086
27639543
27512321
27786030
27860723
28897219
28260895
27782278
27981006
27888712
27579825
27501100
27986178
27611984
28095927
27844059
28203986
27758364
28379643
27850179
28251528
28358025
28531369
29745041
28670419
28555480
27806591
28572732
28825251
28638998
28281114
28673533
28749238
28784060
28783196
28971847
28756937
28719352
29169118
29200111
30535143
29273508
29224659
29152800
29338392
29069184
29346925
29365887
29338322
29660477
29182731
28801906
29255801
29329976
29799998
29359955
28802948
30252524
29615144
29481901
29610151
29620834
29554094
29777028
29501753
29824716
29528803
29862666
29763574
30320194
29815950
29913810
29765652
29493129
31133601
30032652
29672494
30115277
29599740
29725858
30369335
30199901
30115971
30148601
30260856
30337702
30213810
30176203
30760502
30158205
31261134
31010804
30580487
30618294
30464182
30676167
31025513
31098671
30901466
30691928
30985461
30694153
30745361
31026297
31683386
30896145
31648141
31221151
30973493
31549622
31304253
31510508
31497000
31091893
31093807
31484392
31512519
31315773
30901318
31137974
31127692
31865264
32336498
32213675
30965910
31517401
31646371
31879775
31932239
31764686
32021802
31792235
32234066
31735933
32037618
31874225
32261107
32298419
33451912
31861130
31967109
32028849
31793057
32490514
31713603
32515318
32850501
32317145
32173712
32523234
32471886
32315009
32273667
33022877
33203801
32629577
32561261
32820576
33070089
32623035
32818019
32969493
33291123
32469738
33023268
32447297
33211122
32978446
34870918
33502694
32740635
33215756
33712391
33341203
33201357
32943926
33128711
33661179
33093229
33016960
33075341
32868751
33818447
34118759
34010012
33926591
38201135
36353803
35884355
36073528
36729574
36612905
35959919
36850933
34902599
34182276
34395544
35583892
34357271
34172744
33957714
34085942
34528008
34256770
34329765
33905577
34714930
34267009
34636455
34124370
34132852
34397630
36615760
34303149
34394129
34095785
34711243
34111755
34426588
34715880
34765540
34443335
35167560
34536945
34913548
35284686
36808224
34775762
34847173
34812013
34955175
35872181
35124113
35257345
34904563
35121084
35247719
35483408
35916807
35740842
36210796
35947201
35859892
35404925
35165283
35807177
36066527
35663302
35983712
36015270
36133132
35781059
35695745
36689167
37567186
35737438
35546232
36479062
35801517
35376923
35950080
35912690
36274171
35869429
35537010
35893001
35891766
36186812
37411234
36589577
36325605
36075486
36649194
36418058
37258434
36376965
36979747
36643015
36392257
36847940
36914032
37423846
37296478
37113131
36667503
36890492
37319222
36769930
36544722
37006103
36959904
36997405
37396268
37078954
36947884
38374827
37392739
37567826
37211570
37137445
37511532
37810895
37224078
37666055
37336509
37928672
37505736
37601706
39096009
37856286
37300292
37500891
38065399
38506782
38298166
38370104
37497896
38188828
38216453
37596089
38695762
38878228
38411978
38110078
38400238
38535313
38450331
38629185
38139613
38864211
38741328
38222593
38507073
38901558
40146908
38915372
39041789
38885992
38585235
39203860
38691348
38550770
38777104
38435179
39146913
38462115
39503775
40030902
39602824
39129283
38715652
39068992
38601411
39593875
39345709
39296805
39455270
40048693
39930661
41219307
39749327
39997936
40317803
39678922
39807771
39878714
40302069
39662914
40138237
39555254
39926196
40034288
41033278
39714447
40128603
39770908
39951252
40157295
40863945
40594080
40376744
40002750
39750852
41155174
41909755
40232205
41424794
41042018
40719881
40709877
41050297
40417557
40247339
40590738
40517490
41123478
42100841
41058921
41597022
41482727
41387191
40839766
40868141
41079395
41752963
41820104
41320702
41849245
42351283
41316459
41272701
41551424
41588197
41429185
41452474
41566949
41498412
42077596
41341063
42359724
42934147
41971282
42310606
42059266
42021861
42042243
41836775
41768872
41805024
42165726
42608462
42918200
43206678
42347344
42258931
42172120
42823611
42456900
42485376
42928076
42632824
41569047
42547453
43466982
43745142
43509012
43138031
42395000
42271579
43414349
42851917
42559719
42977972
43301754
43029038
44864124
43457193
43243155
42962938
43704355
43563131
42958145
44431679
42894656
44193997
43694762
43019450
44343607
44089480
43363086
44159198
43732838
44477752
43447724
43722657
44152925
44008482
43735774
45197253
44142346
44838286
44459343
44203179
44623999
44081760
44082565
44180221
44162408
44428317
44969751
44890669
45165602
44606910
44654792
44809914
44505393
44795595
44743670
44925080
45043770
46057926
44556759
44593529
45611210
44762220
44733306
45016289
45011591
44812093
45828314
45355646
44864092
46628508
45623739
45395455
45917199
45492581
45311150
46028866
45189042
45074239
45681713
46986413
46197003
45874035
45662326
45858326
46598462
46004707
45947160
45917851
46025085
46823719
47674903
46790876
45853738
45754675
46463860
47339055
46606507
46853385
46677224
46132351
47280871
48361946
46437306
46956866
46196719
46532623
46404458
46648765
46458045
47011848
47296543
46672034
48248183
46634433
47625983
47593030
46312928
47164569
47433142
47503029
47430930
47643325
47262726
48798059
48606361
47236379
47873282
47557028
47018356
47808943
47577918
47777982
47817315
46850991
49090118
47391722
47599828
48120695
47347421
48016586
48368302
48498073
48168392
49242678
48511469
47935993
47497159
48024425
48925429
48698593
48151351
49074056
48315468
48882375
50106086
48071207
49151649
49494094
48909866
50040228
48942759
48634642
50259736
49475353
49324548
49020316
49415488
48989041
50128216
48952743
49167914
49487316
48756487
50844035
50181315
49827913
50471824
49937960
49695693
49766834
49421403
49235452
50718203
51629299
49758275
48975884
50433967
50633458
50345864
51599318
50427496
50225789
50005759
52027187
50397496
50207786
50774154
50759615
50433146
51310010
51038510
51035544
51296733
52183822
51115739
50259162
50980232
51423568
50986936
50861029
50556236
50988708
50682813
52180487
52292878
51520078
51242001
51751827
50957948
51425094
51648187
51932593
53105829
52287431
52237759
51707783
52191343
52010511
51467734
51861015
52047668
51846944
51875239
53063006
52089276
53009987
52232976
52079147
52279082
51931425
52714750
52512756
53639585
52899634
52394903
53373016
53052433
53401376
52736631
52271401
53632744
53002915
53872453
53393858
52496898
52680057
53828692
53009331
52530695
53963039
53043577
54403946
53052113
53493876
53950264
53994383
53263640
53678963
53529549
53741853
54962437
53661352
53894628
54465879
53324339
54581086
53707800
54268717
53945386
55214644
53803669
55448614
53731085
54257534
54359146
54289072
53801800
53463361
55328643
55670885
54804568
53847863
54249290
54882617
54076449
55908167
54533729
55564592
55316195
55491996
54918356
55397104
54879591
54505280
55571069
55425567
56774936
55602212
55339771
54921848
55154220
56225903
54785059
55203863
56315352
57165277
55372687
56099724
55994312
55995342
56207282
54947996
56032003
55144565
57176258
56406399
55853931
55681535
55783520
56012538
55996069
56254827
57162284
56883336
56722532
55794674
56357541
56039674
57400804
56492600
57334607
57081659
57816087
56962854
56305224
56628911
57268976
57191905
56226173
56041554
58140226
57250217
57578592
56616407
56236067
55890929
57397691
56793861
57006154
58339222
58149097
58079691
57364922
57491748
57878838
57113649
59510967
58261666
59895372
58060671
58273315
57690386
57862733
58075511
59212292
57987838
57290170
58925907
58338378
58600255
58356538
58273167
58368524
58290163
58829010
57700425
59268031
58767782
59109318
58368580
58912761
59225821
58901989
59587677
59541208
60171843
58950383
59649208
58497637
58681619
59774778
60319270
60129395
59398056
60998993
59458477
59981699
59114902
60237190
59584791
59932627
59992436
61967451
59962443
59731486
59325113
59792614
61337806
59937293
60587688
62714738
59999257
59626042
59129379
59750051
60506016
60867410
60724437
61944415
61235265
60523988
61801204
60273246
61263990
60317391
62197255
61419709
60943939
61054832
60869950
60452292
61938601
60775524
61803958
62858710
61081181
63015445
61573066
61789388
61463804
61350522
63740763
62629438
61788442
62160453
66823548
61898566
62479728
62605188
62569174
62147242
62448465
61512618
62323794
62039606
62754775
62812970
63740482
62711946
61830800
62441165
64139247
62567921
62581621
62598366
63220387
63681178
63206865
62608718
63423464
63549993
63157756
63385715
63897129
64505477
64036646
62789582
62545837
62992025
63495930
63959892
64829564
63855004
63436015
63256785
64471640
64343733
63498587
63207287
64987580
64599082
63996934
63117019
63779983
64807150
64390444
64143912
66540484
64049452
65352363
64425579
64336741
65303050
64526123
64106020
65884926
65655776
64819863
65731588
64636496
64924985
66512572
69637285
69715003
65188325
64173861
64747368
64517518
65943761
65796487
65450708
66152658
65731875
65878421
65778335
65415933
65849125
65552843
66193838
66351648
65537554
65688184
65709938
65691475
66928068
66639401
65830483
66975078
67446413
66664348
66589567
67125609
66574683
66815822
65946543
66895108
66211019
67700665
67064312
66798027
66879184
66515838
67626769
67486197
67501108
67043607
66941063
66796914
67770471
68301333
67850982
72709259
68418491
67692776
67043667
67322133
67692824
67950654
71572386
84465135
78232324
80432287
70896921
67912734
67559796
67504196
68537679
69893645
67826844
68434870
67644825
68123867
69138113
67991541
68323135
69930384
67864165
68425147
68310347
68334329
69128913
70549110
70178679
69370449
68849511
68515690
68980904
68709246
69184605
69659606
69724060
69126390
69704063
70350159
69096021
70464199
71097857
69537664
69485480
69156578
69595358
69872404
69480682
71580719
69734239
70247096
70583409
69410665
70026034
70437682
70780339
70549213
71438483
70431288
70388665
70709406
70802736
71413322
71579340
70229792
70422264
70042781
69659876
70817914
71570198
71426037
70770538
71637956
71424204
71413373
70786428
72089393
72126543
70826146
71249372
72623585
71814238
70557414
73496127
71811234
72042747
71090561
72395761
71606576
71406225
72840832
71634505
72277009
72548455
71592190
71812381
73173340
73444798
72681822
72463843
71452341
72418136
72309818
72516680
74022937
73027503
72650921
73467991
76672274
78454649
79260903
77902533
74474978
73041793
73188982
72794722
73020372
73292660
75069982
72590036
72845908
73112640
72983071
74373652
74285178
74890636
74259868
74466861
74463380
73285698
73204332
73856967
76152440
74577186
73406112
74307678
74404200
74237241
74441103
74688672
74659882
75096323
74935586
74682710
75304518
75257381
74842668
74051315
75127069
74833611
75448932
74872723
75419792
76847751
74615490
74688441
75190717
76057609
75778559
76840153
76297716
75000311
74978094
76063376
75091679
75332089
76480399
76669124
76281170
75832120
76109968
76443598
75788143
75865426
76948218
77277394
77061938
75415794
76465684
75812351
76592540
77304554
76133942
78096308
77191636
77122179
75335064
76260256
77656605
77921423
77021889
77365345
78576274
77045704
77817700
77705901
77657033
77447630
76799377
77255360
77044805
77478383
79070157
77965915
76629766
77750532
77939090
77599066
77248543
79372607
78617983
78604570
79376335
77514344
78256822
78876229
79691767
77640688
79310402
79093081
78374032
77601550
80295726
78511759
78292392
79062198
79053625
79083414
79598280
80471570
79575082
79234981
78874039
80227053
79082712
79041799
79828936
79452245
79507010
79208460
80343559
78810336
81649153
79780870
79279737
79343645
79608860
80472592
81350151
80312325
79835654
80086630
80809352
79968555
81312839
81092784
79427264
80318336
80227800
80366969
81841160
81184708
81213033
81278162
80428670
80726707
81962973
81588905
81262490
80149009
80450110
80568168
83232672
80052126
83039709
81182461
81071817
82008567
82789866
81252136
82456738
82585677
82131843
81346359
83014092
81758282
82051432
82509592
82076746
82079052
82881682
82296652
83440299
82068499
82119621
81782111
83023354
81931902
82868611
83229239
82026699
82863622
84523362
83175709
83597368
82897351
82626521
84126383
83669263
83165131
82420236
84458841
84020703
83168193
84723197
83100640
82706974
84705098
83916016
82800004
86318758
83670502
83229264
91952681
89975860
91569045
87964528
83844040
83872007
83883787
84155360
85341830
85070009
83546142
84245166
85089970
83927908
84915016
86033319
86052448
85249408
84475208
83843650
85372598
87137147
87048456
85318280
85568014
85639773
86698779
85587395
85371928
84641674
84843467
85723644
85518875
86275026
85502599
85970978
86409114
85042366
86217318
86154737
86349115
86283202
87054869
85644746
87660044
86607805
86291809
87627749
86374801
87747749
88867845
86647034
86843320
86121419
87429457
86470906
88535624
86803288
86282689
86084771
86860109
86670623
88562850
88154048
86733460
86548100
88347964
86912465
87999789
87156402
87428161
88758343
87991661
88809017
88138857
86762775
87551278
88845878
89090885
87861619
87897889
90004506
88245638
88554021
87924712
87917947
89030394
90662177
89007420
88703512
89222682
89274794
88559084
91005540
89990106
88747898
89273991
88345985
89429047
90459378
89498114
89594339
88556071
89368490
90335133
91281149
90467683
90252095
89834110
89236545
90913074
90319936
90009687
90417327
90927553
89082497
92995163
90196686
89838233
90464707
89981267
90878580
92417768
90514958
90962512
91799805
90331162
90565046
92761874
91877597
91645882
91019362
90738285
90513007
92596757
91779057
91256344
90163890
91163579
91327156
92498435
91310377
91405171
91635785
91887348
91684444
93595182
92644746
91103703
93478747
91882908
93162478
93219714
91256925
92366733
91964486
92722215
92107735
93731346
92350581
93699322
92946424
93300707
93117498
93551032
92963552
92650919
93161025
94000442
92678257
94714107
93559399
94135691
93180738
93707603
91934961
95695405
94854022
94132354
93801329
93702158
94398579
95128499
93950482
94128882
94108405
93479222
94719124
95551121
93710697
94273424
94163530
96062486
95024370
95736136
97482494
94531072
95053198
94712651
95696641
95668393
95379862
95501325
94699679
94833340
94740263
95637921
95885618
94814744
94575269
95444213
95773905
95837916
95822581
95537390
95739890
96673502
95978770
98043175
97703784
97291160
95598510
96231627
97671463
98004975
95503096
96910610
96920584
97161466
97422184
97612078
96351181
97147311
97648982
97615402
97139283
96725791
96210592
96014977
99154039
97265974
96848582
96715290
97436382
99194946
99318441
96152073
97487449
98163618
110150017
96811058
97205934
97913611
97742709
97499409
98238128
96457645
98290795
97660845
98116623
98142169
98050891
97684086
97935172
99697718
98397540
98269305
97758216
98398171
99212561
99088937
98467724
99297310
99370886
100661651
99274317
99466743
98872103
98569101
100838781
98703475
99959383
98696689
99780378
101218624
100163827
99565635
99657918
98513712
101951044
100032299
99585151
99802401
99885639
101400093
99827172
100120193
101670398
100152002
102764272
100645534
99697884
100414059
100235477
101934906
100562151
100411581
100477433
101302923
102698509
101230728
101688236
100647833
100782032
100927795
101394229
101181373
101175307
100094433
103326981
102497765
102425772
102688739
103001125
103224963
101463390
101434447
101556084
102783839
103172258
102064195
102181879
106767118
109324789
103228703
102593453
102553953
102400659
102603531
104116622
103651413
102837338
103278270
101781856
104444872
102972427
103427968
103888104
102499397
104703177
106801860
103361697
103894698
102938685
105671258
102028050
103318390
104317250
104795932
106415925
104754477
103647692
105225393
104042586
106499999
104740300
104021942
104962492
104527037
105482904
107790046
104287901
105534722
104096158
106623455
105409741
105137296
105479620
106923597
106678479
105277646
105423105
105703417
106054576
107199637
105648621
105338172
106139925
106321037
107187080
106991453
105830365
107109244
105916697
107784351
106615417
105945099
107468196
107045812
107719416
108191488
106619126
105472317
106520679
107838663
107215196
106904628
107623617
106940881
108931145
107062751
106802029
107750501
106958597
108815687
108115880
107585038
107356513
107068421
108780403
107893367
108045418
108458398
107097476
109963442
109001336
108303561
109040774
108766524
109144545
106840685
108875149
109158892
108204082
110069767
108712604
108192127
109061295
109574913
111379752
108995510
109440168
108794560
107888960
111398879
109337473
108333577
109331519
109408199
109847590
110024367
110440830
109399847
109694001
109956250
110497142
109905381
108976979
108718500
110056162
109713830
110265764
110526979
110829209
112645965
111538625
109644717
109514012
109995186
112809360
109949870
109866061
111555714
112797377
112322205
110213744
110754933
110334412
111432875
112114077
111616009
112227736
111404476
111808950
112939717
112469496
111874051
111433059
111381034
111863188
112483611
111852985
113005107
111112252
113859242
113601977
112879108
111734421
117415868
122228267
120617255
114368241
112985258
112003779
114024888
113452189
113832096
112192192
114739965
113456798
112560195
113532684
113573768
114404388
113727596
113997220
113515359
113096512
114113736
115559112
113783086
114662627
114822131
114151105
115874488
114154085
115377475
114287790
114119396
116465443
114802230
114915174
114875611
114326829
116296800
114064652
115913858
114108566
114321033
117031253
114602255
115238208
115134451
115771259
115104196
115297918
114772800
116090576
115858751
114830370
116339481
116503749
115529314
117490866
116238968
115915003
116246940
116457843
116239417
117437556
115522877
116666930
116996524
116093967
118575942
116988600
115139561
116785464
117519325
118290023
116161735
117256217
117484529
117762419
117619135
117284643
116656131
119565929
116792235
118039097
117109466
116864851
117984633
119108181
117970183
117040385
118557813
118308525
118143166
120085482
118612471
119019445
117468237
118104752
119868129
118703057
118669831
118009048
121129831
118488941
119849497
119153361
120024595
123511869
120086823
118512001
119559208
119475282
120469400
119327022
119186021
120164389
119539049
119108822
118825793
121087411
120309299
121533354
121878635
122745388
120330447
120507498
120663121
122254498
120270765
121190005
118891806
122661014
121652087
121734388
120972205
121482964
121958439
131486466
129830057
126397355
124098703
121079975
121508555
121738486
123296577
122566090
120990071
121242862
123364208
122082915
122735791
122527437
124847087
122171903
123025270
122106161
124800645
122098565
123437518
121932461
122724057
124466222
122750086
121674108
124207690
123117536
122411040
122667986
124056348
122522772
121133190
123253257
124811241
123035682
125836772
123044367
125383963
123758155
123282068
123141346
124870931
124269924
124678860
123006223
125611655
123195414
123912881
124800153
126376009
125546984
123813899
123269984
125515460
125712944
125224489
124659697
126773057
125103715
123918897
124675346
126282940
124176988
124933532
125651289
127267954
125046281
125678321
124975315
128113556
124335516
126703827
124703733
128796592
126521313
125573030
127227201
127205353
125969691
126949185
126033651
127659285
126322569
126777732
127196101
127808681
126791087
126756688
127595169
127218491
127935059
126729842
128119565
128201761
126844193
127325692
127948643
129257075
127835278
127661469
128345989
127953012
129650736
126438600
128603486
128513485
127236641
127238154
128703902
129599162
126494638
128537726
128794286
130642114
130254050
128237308
128106523
130846198
127892295
129755225
128788668
129573484
129041414
128158716
128570823
131289606
128637289
129576404
129466427
130805662
128628606
130427997
130456228
131732730
129133826
129120516
130318957
131172913
130114045
131030816
129660370
130036124
132482245
129748984
129707299
131781367
131722595
132324901
132192442
129939290
129808654
132873566
130605430
131605068
131313099
132820898
132352379
131070395
132099005
133389220
130989272
131984808
130642293
132949480
131578497
131383895
132388942
133671531
130869500
132865829
131861694
134910767
132028812
132039177
132149817
134225062
132605050
132939666
133616385
133416318
133487653
133583086
133360798
133870232
134710352
133426911
135543887
136196302
134917027
134525521
133263287
134794342
133269810
133301523
135805785
135267813
133967171
134833412
135611997
135513210
135736060
145266497
135715205
135887288
133665229
135010717
134517087
135771362
135825969
134634787
136339035
135887136
135081089
136273439
135698902
136963067
134203074
137445268
136173062
136270674
135835853
135469060
134089680
137343099
134962540
137370930
134501140
135720207
136474173
136161324
139319076
139730310
136415428
137334048
135981186
138402537
136648452
137261720
137363700
139238359
138062228
137392069
135848216
140027695
136419439
137556270
139063077
137471900
139115472
138653794
137727125
137575678
139032188
137488543
138537601
139375097
137093698
138585564
141538886
139748361
138888554
139101513
138210052
139096525
137430170
139964070
139948359
139759295
139717228
140610975
140712033
139470374
139234379
138193125
138781123
140484940
140881469
140084922
138556064
141144465
140422099
140289614
140475069
141282124
140910744
139399821
140819577
140288248
138967057
141206574
141970226
140734747
139927684
139971566
142491323
140367913
140478436
139420327
140516258
142238565
141682180
141150878
141044206
143226504
141629030
140350641
142148256
143309913
141697933
142434776
142498553
144083360
142504030
141958933
144123111
143837437
140517896
142292894
144130450
143071896
143475988
142956054
144836852
143399538
142321038
143168497
142321560
145671843
144701254
143241289
143574782
145683218
143716048
144250664
145067737
143779688
143319528
143603901
145395905
144059810
144187975
144295670
143937138
144919907
144690956
145065451
145906308
144147138
143824258
145194733
146386084
146012954
144912821
143972069
144688003
147927944
144492331
144506475
145313859
147874267
144939506
143500981
146424340
144710570
144904066
144263159
146686177
146816754
145539366
144431825
147424461
147001907
146331916
146171939
147323472
146399227
145681243
148523867
146564044
146899096
147169398
147939377
147499554
147825762
146783496
147370335
148023676
146518105
146327902
145698652
147869948
147703158
147958406
148612313
149809335
147249405
147485125
148292978
148134636
149072455
146969180
147759108
148767580
149866839
149153946
146808579
148505173
148607829
147683098
149743606
151934959
147893863
149258125
151023105
152213440
149409157
149124852
148202700
150076621
149808757
150317638
148657953
150549003
148591124
150146403
150507388
152099801
150347419
150392823
151416600
151968537
150790374
150075960
151920673
153799931
149883206
150644884
149760828
153641593
152469082
151843752
150519249
152305663
151372258
150739940
152266498
151638187
153347360
150845868
151079916
152971969
152475475
151987196
154073558
153504765
152082524
152267325
152834913
153439804
153361915
152568716
153366054
152659215
152121940
151849517
152599033
154766231
154126462
152135951
152766761
154061503
152010956
155400091
153782874
152786606
154470139
155964695
154300603
154021957
153160723
155131130
153929894
154512246
155650918
153752771
155864993
156348465
155209578
153658523
155737898
155764112
153572651
155542517
154654062
154633253
154625018
153596948
155174953
155561992
156942624
152834345
154911710
157805930
155297378
156143339
153949822
157503665
155208988
156772330
155980752
157746473
156277985
156376016
155105009
158299689
154908786
155997931
156750437
158318048
157622135
158316543
156150319
158381003
157303762
158936544
157953008
158622590
157695714
158701483
158062341
160873571
158186852
158480458
158471036
160075746
157416179
157886888
158705932
158610422
157563186
160483301
157165775
158536032
160387427
158317677
158589425
160416762
159057281
158930957
159940126
159981402
158564298
159621406
160829093
158392134
160056692
159160418
161120657
159011302
161099972
159766948
161102501
160195144
159206347
159640529
163461838
159801263
161520608
161810279
161116993
160059310
161480852
161266797
161378714
163358609
160751574
161580899
162682204
160061555
161733884
162130823
161585343
160110034
163680397
160863195
160906404
161829353
163587726
163132346
161753741
164016646
162186951
161730649
165246129
163871997
160868355
163540705
164128274
163141156
166800133
161828797
164657580
175669860
163646196
164046861
163848593
162267622
164082930
163432511
163981711
163626855
164294872
162709401
164089281
166771791
163129858
163027057
166053205
163712103
163870729
165319064
163324747
166426367
167733860
164245511
163291970
165835918
165006815
164710489
166123425
164768276
164864744
166484739
167935014
164908501
167314367
166705603
165135401
165617940
167509583
177689404
171739533
166531272
166243064
167535755
166679840
167551437
167289319
166480602
166539552
167058097
168082414
168568174
167461609
165392916
168183855
169439732
170116408
169104590
166726642
168165404
166863241
169390458
165949057
168063778
167201341
167658111
166700917
169249608
167869601
169307582
169480568
169393818
167135570
169016806
168588247
169851138
169534129
171326983
180961179
174213114
171251454
185663597
187368578
182326075
182842411
182677270
183140429
172140393
170454390
168329396
171143921
171747877
171646802
174089770
170980202
177496289
186648540
178367152
181386815
179278783
177012016
172546883
170766073
171127493
171654804
171416107
171141676
176927771
172295966
170421595
180911802
174856724
173251455
175589822
179079400
177504985
172737605
173299412
177836745
173280955
174648951
171552997
171978032
170904642
174458047
173452456
173381976
173255758
174346884
174426473
171569271
172862444
173947065
175592298
176902647
187468238
186965248
190067288
188187252
198119224
195554079
187036212
174326172
174758591
174090996
175609419
174571658
173169983
177531024
175000389
175717137
176414505
174649901
173936683
178021376
173149963
175388096
176836004
173495516
175557676
175737118
175214380
175007521
177432444
176492920
176308722
176805311
174830375
175716199
176490140
175238878
177374279
175227333
175245984
177423227
176807802
174821050
177978315
176358471
177479396
178329631
178037021
177671351
177343169
176573675
183618663
177485118
177258781
178050351
178883750
175858277
177154424
176323990
177060175
178251136
177897601
179482995
178131260
177532689
180445109
177998779
177043209
179279646
178025626
185420918
186824246
179312352
178133778
181126084
177877357
181210617
178316947
179552018
181023335
178680108
179025509
181290619
180242535
180332458
181908005
178045877
179729684
181230175
178935037
179427651
181408227
180660488
182048280
181375215
179673488
179604509
180710737
181372109
179979597
180284621
180308723
180955206
182368453
184310228
182183451
181864952
182032939
181926188
180847421
182498150
181001006
183670350
180588193
180482872
185740619
182385783
183178818
183948541
183969053
181063092
184678195
179422964
183880932
184100875
184184161
187400844
184708484
182771335
185092146
183476074
183814686
183455655
183814635
186017503
184035930
183290082
185896583
184624814
183429914
185007491
184858945
186961292
185688746
183671398
185163820
182441590
185586573
185775467
184831077
184302705
186107407
185630458
185825067
187056569
184182610
185675959
186820289
188843644
186242612
203970320
217309074
203109350
191448401
187833667
239068297
219461939
188366439
185488144
189221698
193901109
188769642
215158802
202763577
215835829
219840719
195608991
188930857
192304973
205544305
201525259
198213544
194208504
194044352
199731643
194983305
191121952
188349450
194749902
201489474
196537290
196445011
197434780
197623256
197853488
196091494
261825546
265819181
264309218
252043155
237153011
225396578
216962482
210845257
196137077
239917856
234990050
196057407
203604887
201459057
199266541
203661188
221690344
209746221
195623277
189727636
191564114
193083855
198968241
195761513
198951073
205707233
205555840
196329190
210848515
223801278
192722542
193521346
190472938
239316341
235187538
244842405
265474504
268366998
238115719
213808808
232298277
202034500
222167025
198234478
192128594
193367055
209181131
206699151
198382284
193346294
193442633
194187868
193714926
191649752
195428831
191982416
193217168
194749861
194562293
193898373
194416237
193288361
195597331
200706376
201528958
193675757
195765803
192808257
195424949
200472343
194402811
194137263
194971613
194864240
195583880
195330485
193562264
194191103
197208283
195322226
195869188
195819781
192967346
194669922
202718463
199816553
196570253
198050279
196392823
194931418
196800510
193874469
209959949
207749402
211066311
195871060
196512026
197593666
196044710
200075200
194706625
197554589
200898420
197968711
196641952
198346075
196316964
198312031
198617038
199352179
196930789
199937563
194943175
197808046
199449446
197272222
196190250
199923016
198000342
198294756
198533008
198229971
200891254
199519497
199236220
198481707
199657543
200670052
199305635
201125487
198352968
198909623
199683158
198559922
198275154
201168502
198793775
202384719
201113404
199485690
198296718
200942851
199770012
200041472
198581048
202737210
199546624
202844230
201042613
201310216
201756148
201294147
200490286
203516581
204353656
204099663
202126504
200970631
201694020
203015701
200488167
198929542
218686579
203600693
202022065
201962304
201374253
202105134
203037193
203196680
201234868
203220421
201344810
201584672
203957579
202082832
202161661
202235776
203666384
202809940
204440419
200963958
204923234
204172382
203972174
205658362
209710081
203730658
204381817
205214188
204106753
203811091
206249889
202829856
209166056
205643057
203677533
208219400
206079791
203855408
205340905
207894516
204931970
203113829
206068701
202946064
205286381
204923911
204977994
205677024
205059953
204274908
210971380
216903938
206002331
205868815
208215313
205192757
210274623
208994363
205467585
208342763
210268929
206167000
206688158
206161482
205691789
205195913
207628945
206539217
206033791
206166062
205908989
205896637
207430320
206441912
206163927
209560815
206938788
208034131
208436834
206889946
209196221
208345397
207532938
207491142
209624725
208420326
208375447
208329257
209495853
211084149
209738026
208704364
209703242
211070103
210510603
211100996
209473282
212403901
217556752
210549343
210283451
210572305
211530213
211187499
210103756
212967193
210464336
213829167
225330083
212921460
209603442
213846596
211323401
210553254
214319995
210772570
210746536
213427979
212818889
210561955
213089872
210667582
214084550
214024697
210195806
210839399
213464074
210670981
210027472
213610500
212224359
214290143
213406710
212711083
212441304
217052658
227210236
218485070
212592474
212337360
221376260
213646141
213698209
212543104
213223564
210663065
214011562
214235015
214757853
212981243
215111172
214891975
216628491
215838446
214087544
214965747
216096901
215448438
214538088
215118310
216013450
213516692
217191512
217808291
217327354
215765167
212830410
214751615
218239205
215752664
215167390
215549483
223682601
224974789
219684839
215347556
218989905
217271460
219237888
214876047
216222126
216713102
215334336
216104589
216625179
216784068
216993314
217651041
216849138
219142921
217038192
218768547
219382035
216764079
216600710
220221957
219434829
219893151
219644204
216454389
220659600
220831699
217334382
219586085
220629522
220275862
219792970
221591067
217961558
220460699
220609407
220997134
218669253
221313021
219704666
220285240
220244331
219717473
222210008
222536360
222683938
220085419
223324718
220839199
221060658
223223750
221348017
222544832
223384799
220459159
221837599
223396415
224440488
220832168
220481757
220508129
221949411
222887481
221286272
221757735
222523162
224820280
224740928
223454935
222301767
224671727
224318850
222323173
221638519
225302390
224618184
226718454
224383735
221928856
224588272
222692853
223916519
225114273
224253392
227519243
226182879
225145592
222160576
232139540
225946580
222837961
226743650
226838566
225415155
226078085
227164400
223188571
225663572
225566617
225779487
227816260
226823183
227461320
226159491
228918473
225026814
227156404
226567114
224875563
226715907
228556990
227134637
226673812
225388741
224307003
227790862
228146933
224290852
224939975
229387981
227332377
226993973
231540372
237506247
239846451
228706888
227808176
227087216
228466242
225397638
228541759
228005016
227074536
230407666
229082183
227807770
227102823
231265829
227930912
229917924
229611815
229125918
229524540
231732239
230215751
228943406
233022665
226263457
230042093
235490603
243005201
229649827
231438022
227658951
230334781
232596257
231801824
231236284
233073193
230014434
231468551
231584977
230327351
234834229
234080169
231208992
230980871
233497385
241713242
239449898
238246437
232448468
231228638
232447577
233105400
233244891
234834980
230134920
229314871
232622493
235422896
232439139
232491125
231771880
233641065
230963342
232237357
232699176
232190207
232545773
233605738
233970418
233489393
233340921
234218779
233390478
232975399
236337682
236273479
238934899
232665468
233813674
232943792
234632581
234526207
233938552
243352002
234995648
234820049
233362644
236237422
236389996
237305644
235286443
236500426
235845627
236693671
235764663
235573999
236071572
236292082
239593298
241704618
235731750
234661727
238452586
237243886
238590798
239225072
246094571
237895025
238154749
234948484
236781696
238092741
236622415
236629132
237979204
239456385
237971561
237648781
237585811
238106579
240755307
239681742
234013605
237444772
239161862
239960283
236902182
238736668
239540283
241125504
238184820
239832954
237603044
240962637
236866994
239474337
238118692
241691048
240772976
240599582
239100554
238967930
239400638
241178271
238910309
241809687
240114925
241053700
241893482
240203048
240915818
239911229
240617032
241921174
244843072
242027202
240361283
239735779
243900075
238730198
243399044
242261205
241968644
240517101
242943790
242045966
242618473
243307960
245196575
241905158
243818590
242431118
243049791
243160359
244125388
242998591
243725011
243212933
241590205
242279929
242091196
246003786
246443424
244698634
244415871
244566575
242982174
242944773
245308826
246066191
242020753
245646386
243210570
248204499
245170004
244030229
244513805
245560411
244429640
246292064
243704878
246797087
244904111
246710498
246319604
245272311
244968952
246470130
247547341
245457747
245645004
245515334
244930217
243590480
244846774
246447685
247061740
251946442
245960474
260839693
261650612
261959736
267104581
267433119
265670078
275598054
273731449
277870498
248735478
251558772
247561366
255880061
267842690
264009726
249709750
260853430
256390625
251036288
249114569
247640059
250359422
277779025
261245934
276194551
275489275
265758221
267227013
264761435
269867658
265495608
253725876
251882703
252472731
251641763
249426936
250841215
252298887
251658881
253073473
251147143
251513037
251394484
249678627
250553856
251453385
252930209
255094982
250578030
252322298
250796703
253024078
251049810
250655120
270390709
252403607
255352556
254083807
252425607
251523518
255338382
251166793
254376499
253193808
253142402
254495051
253087038
252815558
256025002
251345144
254973635
252708223
254136161
251939528
255523559
254564511
256990702
254952393
256631849
254982884
253925249
255773999
257028619
253860403
257199260
255071136
257867780
253819000
257839253
254325511
257828295
254456699
255955096
255092687
256891538
254946299
255959369
254652083
261709787
254375245
258297217
256112404
255945281
256178463
255056216
255432489
259975725
259537675
256877822
258259605
259184773
257910960
257009132
259074872
255762551
258274696
257873015
