1915055
1289730
1295277
1284082
1443183
1535499
1247892
1349025
1041355
1051643
1124047
1627968
1314730
1334136
1324463
1349732
1344883
1671994
1800778
1639017
1762326
1680835
1670143
1659237
1708505
1785124
1685626
1750775
1599299
1766275
1795595
1965967
1658548
1725245
1741994
1796373
1641417
1852960
1824475
1724844
1723851
1851083
1847908
1792871
1824204
1755093
1872598
1745933
1831758
1861957
1835878
1817424
1802290
1813973
1869470
1966745
1909226
1954894
1903196
1866884
1868480
1938740
1973992
1900263
1970789
2007375
1970958
1774398
1299703
1463732
1398927
1434616
1323337
1278400
1080358
1037407
1066579
1109297
1118688
1044806
1096150
985997
883611
936805
891317
1030659
911741
918450
906717
860455
823743
771073
757588
758015
774473
775270
751468
775090
811509
803800
812440
796419
757764
748075
754895
736226
733724
790459
758812
760188
772113
761975
771722
786147
785950
808110
761837
777294
795607
774302
771916
758314
829694
794048
791273
857899
832680
803965
811380
814672
839705
781904
932584
848718
861610
841602
868817
830662
824641
838225
868089
885188
813490
824275
907801
855552
867880
911153
874754
860711
912400
917621
903174
991155
943715
908392
894559
944118
869082
891515
913142
963557
909218
868998
939259
877212
880166
843931
942341
928231
949070
922701
973228
943307
982924
935893
942763
943784
919338
949868
912027
928835
967327
986433
960284
975718
940961
924983
905015
967771
958996
945568
942241
989902
969219
953077
958493
946737
1034694
1016308
1010231
1020454
985372
1007785
1032380
1015109
1023976
1038425
1042146
1019938
1126474
1079574
1093233
1132223
1185947
1219467
1096977
1097883
1095204
1166711
1183225
1227759
1026868
1096523
1086458
1079416
1037899
1121334
1137923
1089985
1089804
1047766
1104499
1143311
1142777
1106292
1114561
1044453
1118467
1138445
1166219
1175891
1152097
1132411
1164831
1130003
1124293
1209278
1155106
1138504
1190528
1105262
1210208
1194166
1190401
1106969
1126527
1181372
1232483
1217666
1264729
1245431
1143070
1197986
1133535
1204048
1231837
1159044
1227722
1293707
1199989
1237230
1251723
1188070
1234419
1218551
1277073
1220116
1258529
1215954
1210523
1235435
1279733
1279139
1250462
1276643
1272849
1290729
1292112
1272559
1306437
1311783
1276697
1319480
1297984
1295874
1311054
1381903
1337334
1354196
1285434
1320114
1293116
1284623
1287273
1321216
1367641
1351893
1329646
1311257
1317207
1263034
1336872
1331035
1321451
1403332
1389862
1331298
1359310
1388008
1399570
1347981
1357228
1438855
1447489
1438957
1344654
1438588
1400333
1445425
1470888
1392050
1400239
1441649
1429627
1411129
1406534
1458887
1462151
1466968
1487773
1500746
1462970
1483706
1490856
1474028
1500118
1490377
1514118
1420842
1498662
1454845
1504958
1445579
1557206
1490179
1552996
1559697
1429886
1581312
1564726
1533178
1531195
1515381
1493697
1585362
1548253
1537224
1475514
1525766
1546342
1581396
1546959
1519678
1612674
1644922
1492468
1603675
1551235
1603966
1523917
1522998
1582063
1522257
1557457
1672848
1649986
1558815
1607031
1632442
1618584
1599033
1612665
1612764
1589938
1650078
1750206
1685508
1617958
1702488
1676118
1611715
1615546
1733370
1766720
1684437
1659721
1765101
1698461
1714180
1614423
1770791
1800490
1765463
1819498
1730789
1735083
1666361
1809248
1765652
1785334
1721898
1733258
1762869
1646976
1681786
1672642
1760294
1748235
1814884
1777668
1811621
1761714
1731433
1773325
1876336
1770476
1852391
1857812
1815478
1845299
1763039
1770939
1874574
1906447
1896529
1856547
1923098
1879287
1810461
1898876
1837353
1875012
1876650
1904627
1871680
1889547
1878579
1933417
1930211
1916152
1822891
1833419
1923098
1871053
1944977
1853324
1889320
1836713
1911544
1843748
1925704
1897831
1961172
1875657
1912423
1985182
1933262
1992996
1974969
1980895
1902936
1943285
2002477
1958156
1975879
1900390
1990632
1948152
1951952
1965607
2006140
2103810
2056785
1987589
2416847
2629407
2191249
2152678
2136549
2347281
2174928
2103753
2080865
2066243
2175928
2163911
2034559
2105289
2130576
2090188
2014476
2056713
2049702
1992237
2089940
2023821
2050921
2132849
2027154
2125643
2043897
2140594
2058283
2068118
2154828
2228373
2159370
2212884
2194873
2073430
2278515
2211144
2149055
2252563
2175708
2243758
2188207
2213679
2129219
2227130
2251759
2221731
2198397
2250933
2200340
2220013
2191797
2243292
2226589
2180375
2220175
2301576
2235957
2261482
2206637
2262488
2184411
2272024
2258689
2214875
2334370
2353935
2316888
2270375
2302148
2329950
2295579
2373112
2367458
2249671
2302216
2301191
2282335
2341098
2335249
2295524
2422675
2363407
2322311
2381095
2384294
2424650
2410276
2376361
2351800
2442486
2400936
2404741
2353471
2350175
2444827
2452152
2481384
2412533
2454709
2483180
2483806
2423443
2524037
2517657
2478409
2502727
2463667
2457341
2408578
2524257
2513271
2514340
2404653
2487214
2537094
2457786
2459816
2508701
2531330
2461293
2654998
2543687
2581468
2548627
2617137
2584339
2539699
2536552
2463676
2535506
2511013
2673401
2643562
2513415
2622736
2670136
2589194
2578207
2580648
2570380
2646398
2622190
2658552
2560495
2697121
2641780
2631540
2663641
2682262
2716498
2739855
2652998
2733359
2655459
2572273
2712724
2689640
2712743
2641895
2713533
2624312
2712904
2650105
2802511
2652805
2839869
2689541
2761858
2757451
2767699
2824783
2878153
2846353
2811692
2814445
2863876
2762297
2757085
2651079
2832306
2738371
2863302
2740466
2728905
2856307
2774209
2913797
2834665
2783335
2801680
2901905
2843840
2911828
2905798
2891107
2889680
2809449
2807125
2867400
2856386
3010020
2864791
3473799
3456608
3068523
3057963
3203283
3025598
3114773
2961112
2906321
2947096
2963077
2899583
3051699
2906429
2831227
3035530
2949584
2952563
2968871
3047436
3018588
3056066
2961693
2993605
3063569
3053405
3025705
3052837
3129239
3108739
3044526
3072582
3013492
2998119
3068461
3051316
3054234
3307473
3092873
3062466
3084893
3136438
3184911
3071761
3089046
3090722
3111152
3144806
3157248
3185367
3294545
3176195
3191367
3302580
3218860
3330490
3148467
3185400
3104504
3193462
3214072
3221492
3252544
3215189
3175633
3193679
3324117
3248746
3233983
3252456
3357167
3208997
3230760
3303584
3334288
3300204
3288929
3292593
3368523
3270296
3273016
3423090
3195917
3360291
3243152
3245571
3192367
3396671
3315681
3437885
3393334
3440282
3541982
3453632
3306857
3490004
3439892
3233585
3409849
3373504
3506413
3429251
3362393
3513184
3564805
3497175
3360481
3405003
3435241
3343268
3511521
3529824
3539720
3441285
3399064
3383392
3436360
3535377
3429900
3548089
3385922
3549695
3626245
3522544
3481799
3550371
3397669
3605544
3511845
3618623
3589117
3573828
3608632
3737275
3545591
3576815
3627340
3643798
3626501
3613910
3501937
3781267
3559087
3770351
3718070
3690481
3677083
3696594
3793429
3764547
4799386
3768057
3817370
3639292
3734564
3630984
3803739
3825792
3851964
3758107
3740026
3703408
3710508
3757532
3787413
3750539
3723513
3778668
3835329
3848024
3960168
3824742
3815589
3809284
3871602
3782513
3834769
3726254
3854079
3768854
3973371
4070156
4030151
3896664
3937983
4718224
4687301
4953991
7144849
7297222
4649950
5057199
4557409
5924425
7541055
7037633
6881439
5221267
4525681
5930802
7460765
7723543
7605401
5832650
4873940
4533772
4455552
4490175
4543986
4396297
4230677
4475184
5162162
4581348
4602933
4216908
4280557
4331654
4259736
4042120
4198405
4205688
4170289
4070340
4230831
4095974
4071323
4200059
4131996
4067765
4078157
4160489
4085839
4126810
4186268
4248060
4134205
4260578
4148480
4202146
4203705
4246401
4291466
4201073
4335977
4204056
4214098
4144996
4334189
4291228
4088092
4319334
4207306
4306325
4240346
4384426
4273082
5469864
4379823
4615977
4358012
4395339
4380655
4404680
4203896
4361502
4351567
4390072
4458913
4362479
4280182
4296622
4347778
4402990
4269119
4320133
4517307
4352832
4397398
4426781
4466582
4360903
4393438
4415723
4622934
4387708
4377658
4323768
4639409
4381057
4419366
4485212
4486848
4498409
4664982
4405840
4361739
4535201
4429063
4711245
4459568
4419438
4536530
4664052
4529497
4576379
4566323
4556313
4681782
4675427
4622806
4653384
4580510
4592239
4494230
4777223
4734288
4561260
4517658
4626248
4635038
4578788
4746907
4678781
4602511
4675682
4622013
4661157
4806226
4702174
4920393
4734866
4612752
4758531
4852463
4647523
4797375
4795510
4768048
4759765
4842643
4833826
4815522
4755405
4524322
4782249
4823142
4772025
4728493
4735677
4758934
4785966
4709863
5013161
4814801
4900569
5023755
4806210
4925353
4962989
4783853
4914702
4830846
4828190
4943887
6004348
5154781
5288981
5090442
4960367
4995636
5031048
4976806
5061811
4985161
4968719
4988642
4940678
5056565
4967528
5096066
5106013
5142290
5132772
4962307
5082218
5238397
5024270
4995472
5127097
5032528
5098305
5149443
5220623
5093558
4931125
5143168
5117920
5000847
5325612
4940224
5087880
5097024
5059858
5257580
5136595
5212235
5217460
5199378
5116568
5146167
5262444
5250095
5269214
5242904
5240795
5292342
5201737
5397675
5264355
5465306
5473025
5304790
5375706
5358789
5315580
5267601
5268638
5303913
5198489
5373877
5230107
5449140
5346058
5473815
5221946
5597107
5506002
5412277
5504311
5565145
5444564
5437934
5339002
5419111
5382328
5323105
5413673
5528817
5478512
5587247
5581929
5631789
5559369
5560226
5496934
6182348
5823520
5864592
5589649
5550826
5466369
5594801
5521473
5569849
5581055
5567233
5659585
5758024
5648711
5623071
5683023
5704656
5506841
5592274
5738692
5578325
5457539
5616501
5747592
5762261
5726973
5705006
5441868
5716472
5771317
5676944
5752542
5569656
5689064
5720460
5767992
5545226
5775211
5823267
5775376
5726208
5779643
5707591
5911226
5745272
5706816
5919304
5959571
5658919
6026824
5861729
5907357
5914296
5868659
5798861
5830036
5773687
5773408
6005948
5956323
6056953
5864429
5894232
5988143
5951869
5951818
6010330
6116639
6059041
6083526
6093505
5964908
5978858
6014892
5958405
6101708
5979417
6021215
5858664
6061623
6013088
6073585
6144418
6014671
6068969
5960284
6453339
6151618
6177625
6205231
6277830
6076781
6056068
6313282
6100595
6200240
6172269
6165610
6239448
6159355
6346655
6286047
6206497
6203301
6103851
6196631
6276390
6208748
6152112
6373227
6319029
6471477
6146604
6227252
6346422
6339642
6411563
6357818
6186002
6331443
6352525
6254232
6327487
6356863
6559160
6439485
6243231
6407971
6545450
6323257
6548002
6396188
6429081
6361949
6422747
6342341
6455498
6669403
6241801
6592838
6544366
6591600
6615067
6421436
6453250
6722970
6558937
6615684
6613592
6570453
6495299
6592618
6769199
6565174
6435283
6538094
6686156
6676436
6528696
6727958
6861655
7075164
6622664
6816079
6530680
6577954
6762581
6810641
6671191
6599236
6493205
6683516
6728692
6696746
6792327
6905828
6679745
6846166
6749270
6950308
6738468
6680479
6775233
6798881
6764840
6799267
6647031
6780933
7009815
6744085
6738030
6835599
6996214
6780400
6805297
6982262
6845247
6881676
7041773
6932742
7009358
7032208
7075765
7142089
7110828
6951203
7051421
7128821
6940692
6956950
6952007
6909875
7146652
6987381
7231074
7038439
7269856
7106120
7222986
7313640
7154421
7096979
7055622
6892632
7175582
6983547
7113289
7360327
7115472
7141183
7246239
7049860
7005258
7595559
7457946
7305426
7200821
7125058
7020581
7320493
7438627
7281149
7155798
7277969
7358952
7332975
7492971
7271304
7202705
7135054
7257781
7400817
7280415
7359482
7296786
7321075
7462484
7238350
7345438
7512965
7468923
7320339
9154114
12277620
13069385
13347071
13426138
13496590
12142858
13861063
14874901
13823021
15461002
9983330
8757088
8235251
7791131
8166617
7688468
7938065
7562021
7472668
7470411
7430984
7785984
7622121
7721615
7538905
7593922
8099217
7762920
7498226
7731708
7632513
7969871
7593367
7637974
7612398
7682885
7676315
7726619
7856067
7715909
7921056
7771247
7804300
7879275
7747359
7654453
7710943
7947658
7801670
7966514
7851913
7734192
7817837
7793854
7690795
7690709
7719773
7850143
7744255
8051876
7899001
7738101
7795135
7849145
7786167
7933718
8057482
7968353
7966231
7997903
7915989
7776051
7874518
9714473
7956499
8275114
7915311
7875866
8235508
7972974
7926691
7903715
8203806
11530794
14160271
14411591
14849889
15566809
15778004
15732605
13959376
8930694
8859492
8203745
8304583
8242431
8183112
8373515
8083772
8337812
8045110
8163039
8086668
8267999
8235778
8159939
8331769
8111078
8013760
8204678
8262674
8283979
8203997
8267214
8228661
8301565
8425575
8427227
8282965
8400247
8317389
8409327
8385362
8494275
8472036
8365260
8517312
8134839
8550555
8563796
8526471
8398908
8303493
8533974
8502523
8406605
8257265
8437204
8418989
8245418
8515085
9527572
8593676
8471507
8467831
8517782
8560971
8658626
8831152
8670285
8355594
8621241
8444417
8513809
8517740
8579095
8722042
8758831
8603636
8534289
8548882
8717828
8727119
8783265
8589232
8939116
8649773
8844011
8767316
8664032
9006251
8666861
8768409
8656580
8242750
8821625
8587016
8937750
8901037
8723763
8957502
8887540
8748916
8730397
8794800
8669744
8850361
8911095
8814729
8863094
8682991
8701120
9023498
9002548
8947258
9159890
8886484
8954966
10028527
9242330
8906565
9018874
9080249
8990043
8971280
9239080
8955139
9111255
8910127
8866945
8998598
9092893
9113082
9024598
9048890
9209999
8896280
9030702
8994545
9040968
8993796
9216166
9108608
9437506
9225582
9160177
9213274
9120597
9119875
9110537
9216495
9153489
9658211
9094199
9190856
9152565
9347978
9254109
9240566
9426523
9340950
9633755
9127112
9309267
9123105
9193185
9308136
9331508
9314579
9348557
9070171
10327385
9346908
9481830
9482547
9409966
9536114
9659014
9278655
9382673
9483862
9321898
9499100
9482300
9500352
9408931
9474357
9311686
9591114
9378377
9613183
9603080
9683332
9654965
9621145
9414266
9540863
9534956
9709564
9502899
9610934
9783271
9680966
9700138
9952962
9455302
9805802
9619621
9937311
9891795
9832853
9647999
9844188
9856792
9885658
9755260
9923042
9752392
9506792
9928384
9514658
9771286
9674471
10674877
10023039
9596588
9786638
10076841
9859002
10063523
9991817
9788155
9908452
10113515
9865511
9880079
10079006
9918999
9846569
10119169
10031625
9760223
10078782
10065260
9922146
9996680
10054619
9844985
9978597
10294928
10344207
10259287
10084112
10287309
9883197
9994379
9903398
10223962
10082399
10199383
10383138
10121166
10236557
10225113
10069171
10184779
10319918
10195462
10057348
9985710
9907262
11148104
10434259
9970947
10313100
10621506
10226497
10204754
10416718
10474459
10350154
10294106
10549655
10543228
10401324
10551930
10381717
10586254
10465141
10159076
10338896
10570510
10057144
10569626
10243185
10563789
10452709
10747800
10299825
10738972
10537437
10558589
10825153
10468069
10493864
10463158
10559913
10607985
10108376
10416006
10671438
10624735
10641097
10731130
10597920
10774040
10739425
10638771
10813259
11345533
10797335
10656607
10678017
10646601
10700072
11003434
10983143
10690707
10866205
10951905
10882806
10711957
10603597
10996594
10642337
11031151
11115055
10830206
10880347
10901201
10899310
10954394
10976222
10962329
11043234
11078407
10867331
10993675
11106104
11131844
10804864
11221141
10641367
10914498
11147794
10836411
11101632
11127983
10973566
10922164
11037110
11124974
11358777
12302570
10914342
11150201
10915875
11258800
11120706
11130965
11237463
11377827
11165739
11334574
11348678
11157132
11061249
11254247
11375666
11180804
11272853
11193686
11706419
11147612
11345089
11152460
11191395
11702213
11096562
11138778
11096267
11387779
11571011
11315229
11390710
11645901
11545436
11398091
11313542
11461589
11541986
11680412
11539743
11638818
11453197
11618203
11602691
12702799
11553951
11532467
11329663
11264716
11734946
11590143
11312812
11417254
11817263
11589243
11695593
11365269
11518942
11719161
11542056
11616456
11504047
11650216
11582302
11767029
11350366
11467872
11864013
11637661
11604023
11841533
11616898
12075219
12110347
11767024
12210008
11660018
11872868
12045579
12010496
12120537
11818072
11886047
11758284
11790622
13059479
12043455
12010020
12000540
11777083
12172696
11991703
11631344
11934647
11929830
12008880
11883367
12174838
12142952
11896879
12029212
11948243
11805204
12119754
12018792
12060212
12098219
11961158
12106422
12438325
12099630
11965135
12178661
12050263
12391806
12126103
12327733
12245342
12176111
12347430
12417825
12516021
12339980
12305516
12390094
12243635
12173052
13066723
12312959
12370818
12357228
12362660
12560192
12165780
12499601
12340147
12348500
12478962
12575873
12303515
12791873
12480043
12627179
12337250
12446957
12465156
12431079
12358804
12404044
12809051
12432010
12665785
12904685
12532665
12474806
12897465
12609341
12494475
12228113
12708901
12460252
12688045
12605749
12451082
12835051
13088429
12987244
12645887
12770401
12615780
12741921
12766226
12940962
12859673
12584445
13059490
12675837
13142001
12551372
12957328
12970331
12723356
12820506
12623950
12824951
12781038
12978384
12906226
13096723
13193245
13037828
13162035
12764380
13038960
13303159
12881935
13055780
13022112
13113263
12909207
13389058
12829472
12940187
13207183
13108863
13002668
12852374
13082656
13187536
12984440
13070188
12980134
13265794
12986648
13473894
12993090
13280330
13207408
13290975
13542751
13230283
13218113
13292019
13345606
13360518
13343365
13158965
13371717
13693751
13526795
13309922
13212078
13111373
13153637
13221481
13560945
13442385
13379582
13294696
13246776
14064781
13389327
13430133
13537905
13536313
13650868
13617954
13504805
13601844
13584380
13768601
13421265
13561407
13867580
13474020
13544638
13617165
13478665
13643242
14106987
13460236
13391699
13992187
13861198
14093359
13520641
13651663
13755434
13989910
14362260
13917625
13777688
13757074
13814650
13972323
13995852
13667817
14267688
13742268
13877834
14010844
14045765
14234953
13981235
13865116
14026385
14219064
13904162
14015727
14196801
13871045
13734186
14118039
14030039
13856295
14199918
14157080
14335895
13748556
14015481
14116221
14250627
14469157
14109973
14233914
13963920
13966622
14521924
14317137
14283332
14267560
14870969
14378803
14637443
13888993
14281702
14197028
14316086
13796736
14159595
14202271
14370332
14444673
14011446
14491228
13970444
14472909
14402540
14287744
14318306
14426052
14246814
14484232
14204437
14509259
14294469
14493659
14519988
14552442
14515222
14460963
14430419
14655411
14701278
14175943
14582767
15243693
14535064
14753145
14582325
14751145
14876146
14821645
14639851
14597863
14887854
14564590
14825960
14988821
14542471
14654605
14766360
14747630
14368633
14441497
14877867
14760026
14688386
14778880
14722117
14975404
14545790
14935420
14685166
14934184
14666006
14724924
14944860
15193634
16182555
14878099
15136338
15007664
15116894
14961740
14503551
14930171
14977820
15067594
15034931
15100408
15006246
15037636
14781198
15154132
15684867
15180745
15305924
15214644
15372376
15084002
15289149
14811449
15365101
15164927
15359061
15232438
15012135
15206211
15016917
15233712
15297979
15546338
15652615
15593981
15258960
15037113
15273568
15521961
15427681
15609119
15539512
15426547
15195868
15343151
14934595
15104519
15467856
15506176
15421005
15212125
15582715
15622276
15873682
15223022
15365499
15692678
15902033
15478272
15680520
15692766
15556485
15693470
16378923
16112136
15912471
15744843
15880803
15760118
15848559
15759586
15862332
15735158
15849806
15898580
15552155
15512381
16000167
15999370
15655213
15799224
16043765
15756684
16139889
15968735
15837541
15902456
15797779
15865225
16062615
15842975
15966121
15996236
16202444
15760294
16228440
16216809
16318971
16240971
15994362
16164949
16258710
16040469
16026378
16196446
16090426
16792573
15974658
16143435
16633143
16440150
16056407
16953448
16449463
16140742
16144945
16249473
16250216
15990606
16569586
16268409
15853426
17024327
16345528
16258685
17056100
16089638
16499940
16256029
16542995
16585614
16346386
16330160
16408288
16416289
16491250
16495766
16418069
16700677
16838799
16161198
16673844
16518524
16312154
16915451
16457510
16779874
16429465
16785435
16675189
16713899
16260404
16437173
16525202
16751013
17496854
16931880
16651241
16568763
16793145
16973131
16671348
16219374
16814857
16941850
16396245
16812328
16585303
16758953
16613707
17057207
16609444
17147051
16939407
16591871
16967357
17054239
16523995
16863945
16845364
17132740
17124475
16875042
17497598
18003530
17308952
17069016
17164694
17264518
16600233
17420580
17369742
16975431
16933596
17259843
17539868
17177882
16998591
17529615
17238523
17265083
17200521
17353413
17491838
17008750
17198577
17194935
17503099
16923950
17470317
17305417
17236512
17172364
18505637
17387452
17184758
17589756
17757856
17668274
17483430
17276858
17471612
17446731
17370155
17771717
17495870
17459056
17579024
17521296
17292178
17667251
17689752
17675107
17090405
17602104
17921892
17589576
18269491
17624326
17823523
17840036
18991806
17659031
18076539
17896573
17434505
17634181
17560186
18169306
17525738
17229665
17960643
17722132
17749205
17988377
17817370
17777725
18140285
18180793
17792859
17870981
18090927
17631869
17440832
18074070
18081346
18102001
18126855
17708361
19286865
18231053
17885241
18160253
18318431
17755572
18176176
18067642
18237344
18022759
17932288
18137798
18219526
18016532
18147244
18462641
18347005
17979502
18225014
18318577
17882691
18078807
18385207
18027331
18090712
18715256
20679658
18769673
18417974
18169220
18181596
18256462
18252989
18539592
18830794
18610436
18416864
18453876
18482903
18326023
18231617
18469595
18629346
18396347
18540161
18608693
18898530
18332470
18382790
18525708
18528460
18320112
18753729
19087548
18780293
18692977
18232147
18687839
18610246
18758326
18681312
18625496
18695790
18677551
18391454
18432114
18799069
18552006
18893266
19312510
18719946
18955349
18962864
18504710
18459313
18934805
19207032
18939633
18953938
18812342
19425026
19032767
19009187
19017271
18821878
18512730
19031637
18968434
19092540
18500866
18810169
18817199
18917737
18925186
19070897
19593721
19430898
18914092
19354193
19115224
18822853
19102482
19193088
19472990
19043547
19441997
20275430
19441775
19237028
19294907
19471861
19355895
19219414
19172634
19170455
19392997
19401746
19555403
19393995
19472804
19172794
19303191
19842132
19400540
19674370
19261652
20355910
20891888
21890247
27803099
25651422
25028742
20743063
19938396
19501755
19788986
19463912
19491604
19721619
19466681
19856004
19667423
19794531
19489706
19804624
19847140
19639747
19754651
19839639
19724524
19996196
19972658
19584208
19837524
20305865
21236818
20259550
20105989
19985504
19383496
20084830
19975082
19905787
20268346
20088677
19676977
20015938
19790462
20052322
19973699
20165997
19895233
20391898
19771355
20206599
20336847
20639545
19948849
20376398
21621087
20128959
20380240
20083448
20340932
19929239
20057076
20414917
20495004
20175528
20738435
20549107
20479416
20643241
20342441
20815994
20879710
20811844
20633222
20503940
20415058
20902011
20469920
20214881
19924776
22031528
20715482
20279960
20437630
20512156
20506818
20458519
20421063
20733815
20632976
20342560
20327912
20243815
20792370
21105356
20835215
20411976
20465531
20078197
20687200
20855485
20736476
20784105
21969820
21141640
20579905
21001551
20982293
20938747
20609087
21208919
20359587
20894829
20963770
20841381
20998282
21385479
21224857
20773052
20873231
21046641
21323520
20449593
21109451
21259045
20992424
20932080
21770487
20858724
21118015
21224886
21142512
21668011
21445039
20841413
21033980
21011026
21613149
20988758
21269301
21284225
21714575
21141683
21549513
21268153
21039956
21540546
21456433
21411873
21829007
22704890
20940889
21068420
21720389
21241892
21357115
21224721
21741039
21567948
21734425
21881791
21772264
21315530
21631076
21733818
21929920
21612917
21878128
21340605
22254426
21672592
21901072
22288644
22465549
21854202
21175301
22077385
22221275
21898152
21817732
21668257
21649634
21569468
21696204
21590193
21966231
22298983
21704425
22114206
21679878
21708102
22371277
21880636
22239024
22018225
23084433
22119926
23013323
22077496
21919603
22255006
22401668
22317580
21735507
22388475
22268094
22575216
22555295
21971846
22124801
22317144
22399991
21838992
22488291
21622746
22982654
22213263
22490266
22929651
22517710
22656725
22323195
22663717
21895048
22364912
22512853
22599382
21789948
22855051
22091729
22503190
23217747
23749683
22688271
22483396
22651014
22811501
22479405
22615628
22388718
23919406
22227020
22638400
22792198
22361296
22470287
23014368
22727732
22930907
22741731
22671885
22637233
22935001
23080986
22798178
23111393
22925748
23183456
22849506
22586594
22521543
22927347
24568566
22890861
22935384
22844904
23264664
23329018
23091191
23131458
22997303
23435529
22799654
22568356
23754553
24241986
26025695
26215155
25911695
25906935
25761487
25755962
27014826
26486711
25372502
25523904
24196366
23518328
22762404
23813558
23885845
22813977
23464442
23399595
23171916
23314872
23636553
23317692
23482332
23422504
23140063
23506272
23285040
24571991
24249499
23616282
24045504
23312489
23494380
23479358
23433309
23565177
23876218
23735881
23872239
23871202
24229023
23726123
23814427
24064690
24075926
23727397
23646039
25558916
24976642
23510454
23957215
24183479
23762318
23721249
24266866
23913388
23975785
23971496
23960871
23688112
23779358
23608832
24585188
23948382
24865259
25976444
28365684
30832257
30585889
26369872
24872161
24506749
24349400
24510645
24218050
23774240
24372650
23607314
23940693
24070315
23805944
24644576
23877879
24342969
24889627
24603153
24052917
25154480
24714811
24216016
24441406
24163589
24475462
24504975
24091698
24614809
23928907
24023379
24443804
24617352
24783481
24749154
24494273
24414598
24710835
24063188
24731443
24214722
25116606
24105099
24450549
24563724
24558840
24483166
24826241
24857519
24966997
24651366
24872012
24554904
24821725
24752522
25150388
24950188
24941759
24397087
24558285
25663012
24736642
25054605
24962993
25084449
24542880
25201911
24950200
25648799
25142444
25188918
24884307
24761413
25392803
25327854
24539623
24977505
25178609
25251722
24841007
25051997
25548363
25009836
25141379
25408283
25172585
25154200
25083850
24877187
25520222
25200551
25642274
24659014
25286407
25422052
25742763
25738313
25649403
25533128
24483324
26423919
25389587
25176132
25411013
25715967
25241278
25465532
25874633
25481081
25571616
25203241
25374988
25756102
24934038
25532731
25627120
25969666
25590822
25049354
25849429
26451579
25472802
25782106
25907465
25941673
25950703
26171805
26457438
25669116
25783743
25596712
26210011
26323874
26235146
25757310
25873140
26064237
25755562
26666655
25774008
26180289
25745933
25725649
26471419
25942767
25700460
26731103
26552239
26209943
25962425
26110375
25856857
25954036
25895558
26263320
25996372
25997603
26189843
27326225
26094138
26190544
26464214
26267385
26544191
26296772
26289855
26400982
26674293
26373125
27567975
28881814
28932987
29658952
30004334
29170313
29987068
29672912
30121238
28520893
27733076
25882828
26553065
26083057
27304915
26781062
26500677
26885585
26673142
26730419
26764981
26610418
26425107
26516791
26447315
28249566
27549221
27057753
26808592
26326615
26420373
26998713
26879689
26428277
26624668
27103256
28638439
27194093
26596640
26853517
26950833
26956327
26773785
28877179
27736821
26497138
27467808
27199673
27333561
26871319
26660671
27095625
27616406
27664759
27341412
26571013
27211414
27198247
27588461
27547181
27026293
27726901
28249435
27461471
26802637
27375446
27693084
27858970
27068643
27374451
27249539
27246453
26943319
27413868
27365224
27302246
27457705
27328314
27538157
28707403
28336869
28153291
27533391
27502100
27401391
27193679
27320635
28108509
27572274
27483896
28013523
27598236
27462066
27340392
28064590
27771778
27186370
28374806
27839274
28160396
27709012
28066382
27713629
27930059
27752420
28175421
28821533
28228196
27665876
28144596
28160447
28170164
28089208
28288918
28605841
28891111
28225027
28205618
28012846
28341398
28189514
27921638
28371864
28253149
28141245
28355452
27791554
27894562
28344462
28688496
27915112
27942189
29156818
28916226
28127088
28368855
28572546
28047554
28150285
28292290
28553262
28138938
28931503
28197787
28612232
28116566
28746947
29045987
28521858
29273171
28744261
28601302
28610525
28714632
28867312
28106382
28727453
28882005
28733213
28347914
28387600
29206055
28638312
28642038
29516574
28861870
28690561
28959725
28939019
29014155
29310840
28908759
29221311
29258213
29012186
28784036
28710305
29099337
29555984
28617974
29072014
29663510
29228632
28943009
29520756
29155232
29464108
28888006
29270366
29418254
29236550
29198750
28973499
28460592
29109586
29553571
29554949
29082852
29098313
29577941
29570772
29800593
29791145
29171362
29693957
29827750
29397540
29556139
28522425
29791600
29514961
29171036
29650392
29636468
29306184
29648284
29252077
30350147
30039309
29658096
29785675
29863012
29774964
30072225
30358437
29483842
29642642
29864255
30269120
29551502
30547413
29830582
29820135
29880307
30278946
30339078
29928089
30310972
30037874
30434663
30495308
29963151
30117747
29998557
30277636
30118513
30530696
30065518
29851706
30164895
30852253
30122437
30039683
30066237
30132036
30260811
30154809
29983249
30617610
30600661
30282950
30478762
30219066
30399981
29911187
30261195
30828597
31312863
30365341
30261493
30457144
30484687
30294654
30022526
30863349
30316019
30393551
31119117
30753015
30397592
30742001
30452185
30671507
31566398
30608886
30764928
30739903
30475950
31383673
30380254
31244594
30611058
31352013
30673731
30162140
31244647
30567935
30769950
31593143
31623313
30660701
30937888
31653670
30877737
30700783
31162733
30693607
31097023
31226249
31139546
31142074
31184074
31331177
30953120
31188777
32514213
31214781
31677368
31616122
31069072
31280500
31225551
31492373
31492210
31502053
31764956
31694164
31312331
31396551
31016547
31171925
32181731
31489261
31148100
31178380
31342542
31494708
31855131
31760243
31973848
31589684
31402019
31613084
31128169
32118412
31484918
32756035
31547524
31734494
31984339
31646257
32453866
31814647
31600819
31322142
32203599
31357772
31718572
31866796
31541039
31896182
31585294
32964173
31842429
31904817
32039354
31662949
31740317
32190091
31899646
32266888
32286726
32478973
31841731
32064015
32253513
32499383
33354087
32574755
32177802
32201700
32136922
32092987
32457178
31914876
31913305
32081348
32418840
32005699
32099098
32160325
32393751
32121342
33801498
32233878
32288217
32969499
32110789
32826693
32420326
32296499
32447596
32906508
32835240
32320925
32143794
32644069
33053892
33207480
32623149
32667588
32849666
32410914
32386554
32597772
32927089
33028202
32746948
32419168
32385968
32538831
32836947
33001851
33182262
32571561
32709063
32804827
32701761
33668465
32551003
32605679
33320868
33099600
33472605
32893887
32814163
33722442
32844382
34173881
33120434
33371996
32474800
33141609
32975334
32984702
33046574
32787294
33164633
33551393
33069146
33058512
33194186
33411306
34090577
33952724
33405342
33164211
33402714
33126736
33395789
32987170
33514923
33456039
33233962
33426420
33644512
33484163
33665932
34514556
33362107
33575222
33990436
33698908
33608757
33652758
34252917
33431355
33485461
33817768
33335107
34463124
33695962
33326891
34730217
33678822
34223804
33853739
34245175
34162401
33859387
33948174
34313414
33788539
34180290
34285279
34583669
34230201
35255165
33936525
34306822
33781247
34179316
34007658
34202787
33853007
34419233
33756896
34455093
34810545
34480914
33937479
34278441
35202126
34090868
34039360
34603329
34092274
33774494
34311188
34045057
35021993
34748632
33993685
34870138
34744465
34234733
35800941
33964418
34694261
34444051
34744613
34821257
34577533
34388397
34887988
34623176
34725560
34153227
34924065
34909804
34111243
35152005
34546704
34666399
35039869
34673975
35200288
34257349
34645075
34785594
34364501
35644590
36150736
34689509
35837610
35787651
35789247
72770764
63688731
36672119
34685688
35731145
35391592
36667388
36140305
37448839
36192063
35408414
34980594
35451387
34755317
35156871
35989903
35934853
35375952
35414101
35587135
37292052
36618836
35638118
36079367
35463489
35486253
35557404
35998641
35483866
35570610
35688647
35294190
35608777
35654930
35631557
37118005
35264374
35484159
36193540
35100076
36076045
36251116
35859232
35420327
35604277
35644709
35108514
35462453
37387543
35596809
35196940
35777358
36025284
35913937
34928975
35713204
35838821
36002142
35922329
36016860
35774745
36184105
36819807
37035280
36001350
36566572
36152091
36198053
35487158
35661117
36506152
37049356
36053090
36025337
36483863
36807930
37571945
36506056
36463707
35869112
37464999
36298746
35720256
36666829
36038779
36370658
36886698
36823072
36514059
36669245
37311939
36316222
36697993
36234773
36454461
37176253
36589077
36597999
36926747
37099677
36697120
36618164
37034657
37093177
37199850
36750448
37046562
36781325
37573085
36814903
37076895
36898614
37218122
37511705
37398254
37011927
38034969
37177447
36812725
37366643
37143686
37267531
37656601
36673698
37211381
37064481
38341544
36818253
37110898
37641725
37755067
37801053
37619601
36258732
37419542
37299986
37497867
38001818
36770527
38232863
37125424
38457279
40665783
38360390
37642959
36992360
37850723
37935475
37557308
37959248
37746600
39024776
42559521
42393029
42249660
41153837
41240125
41322226
41075671
40655528
43028856
51164682
43170426
38580593
37450456
38020858
37413547
38815541
37368630
38407733
38232821
37953463
37691631
38129791
37992298
38406091
37988017
37667958
37656729
39624942
38049016
38138751
38225467
38144831
37796297
38233649
37908883
37847734
38188212
37777246
37765055
38319266
38390036
39817590
38346589
38783668
38532119
38965657
39235681
37863913
39341846
38342168
38051721
39065047
38599990
40650142
38273800
38446557
38721825
37727005
38269701
39433460
38539777
39222239
39437755
38867705
38613797
38333980
39333780
39167960
38798226
38708079
38289099
39392302
38720988
38946926
38517191
38744010
38841178
39009570
39513434
40399998
38759472
39439059
39351284
39004161
38960104
39361160
39022053
38652434
38994181
39026800
39850493
38827246
40095358
39539817
39658389
39400060
38696680
39452639
39470403
39602741
39226114
39290645
39072611
39132161
41168923
39690612
39293974
39400471
39965669
39594447
39629953
39648052
39589282
39634812
39603287
40323599
39317797
41151416
39984907
39694632
40138580
40776816
40423533
39968797
39624133
40235066
40049726
40015180
40008384
41642506
39666470
40029436
40054283
40514787
40383864
40350690
40214244
39674381
39556975
39704099
40197302
41719880
40020749
39582720
40327723
40447395
39973636
39794579
40673692
40758825
39410168
40940497
40238017
40485382
41055903
40898823
40270124
40841318
40175800
40629706
39476983
40255400
40447764
40058109
40666714
40411129
41459955
41146054
40763604
40668736
40479380
40527273
40572771
40462564
40580731
40852512
40486494
41016521
41372648
41336495
40450433
40021861
40211228
40808155
40206511
41295110
40270329
41005921
40835344
41986302
41567828
40632292
41242809
41341764
40966663
41458836
40884297
41246726
41034863
42673725
40721461
41133209
41295687
41314242
41013761
41036320
41436155
40885266
41723154
41294868
41111429
40736204
41216207
41016478
42502269
40837632
41480954
41960611
41528228
41516158
41113862
41595058
42046120
42209770
42961248
41661080
41896998
42401272
42192979
41990571
41643195
41582969
41652332
41850090
41888892
41725913
41791815
42376240
42358424
42428211
40782457
42552394
41884683
41707423
41534394
42469432
41627069
41404129
41869629
41909441
43570478
41836953
41358850
42116678
42759630
42095302
42295419
41719892
41378170
42224409
42186091
42440010
42436672
41575998
42878047
42340065
43141209
41322224
42227313
41694795
41610986
43134403
41186399
43597466
42903841
42873054
43197623
42639027
42632632
42533804
41730897
42708071
42184608
42488527
43114699
42653093
42668814
42528589
43129816
42858107
43324455
42547475
42564184
43401577
42693054
42993713
43700242
43991260
42859443
43338654
42562218
43309886
43114735
43371534
43292321
42872643
43568539
43674931
43763475
43968471
43378346
43507831
42760219
43056226
43327106
43614931
42899432
43249340
43218449
42194768
44243547
42923855
43803530
43915689
43498688
43638407
43693169
44123931
44875989
43224014
43491851
44519334
44052542
43118127
43699284
43737261
43567509
42991763
43504162
44306497
44339395
44109512
44904852
43243036
44156252
44022756
43591822
43661046
45480893
44820361
43620028
44060047
43131699
44589914
44069592
44201933
43504480
44964613
44464662
44287512
43802668
44366887
46425603
45432014
45434361
44420698
44794127
44480035
43338880
44728362
44417453
44084850
44291622
44190827
44982046
44560439
45470649
44442297
44129272
44551620
44268316
44617364
43777628
44262431
44741170
44861830
44706320
45144686
44991411
44414864
44520075
45059706
43812185
44485598
44906506
44624149
44567063
44814483
45055424
44579592
44216461
45110722
44679450
44944267
44665641
45120236
45812055
44812066
44672922
46113782
45369011
44956025
45237001
44533600
45311021
45510140
45049296
45507478
45137773
47082608
45914146
45354876
45490254
45341665
45375057
45155596
45363398
45610247
45512806
44990722
44494662
45481022
45765352
45216789
45522493
45945164
45347928
46190302
46413330
45325564
45329379
45838434
45038286
45757797
46399247
45267212
44966116
46139481
45028833
45653969
45470439
46485454
45725806
45556554
45912314
46426444
46294232
45936732
45705736
46533528
47030710
46513126
46195309
46971856
45787974
45825207
46056201
46398819
46482248
46208675
46007185
45750377
47005036
46758614
46583907
45619668
47148875
46248398
46795658
46368077
46623373
46053019
46887409
46382519
47443905
47856094
46019450
46815043
46527535
47240015
47029894
46983080
46804904
46121131
47446592
46474382
48013254
46194358
46434074
46772635
46479788
46803203
47219434
46389286
46468262
46443745
45576760
46670847
47935977
47092785
46979633
46588147
46571830
46979097
46514277
46766651
46936913
46682582
48092328
47537021
46993774
46614820
46974480
46701749
47187512
47332274
47903654
47398472
47757638
48493480
46928498
47066372
47122454
48033614
47317800
47166114
47053372
47088528
47993868
47804144
49312960
48040551
48227040
47149390
47699530
47404245
46911575
47442603
48151881
47429166
48220562
48176782
47745950
47155721
47633355
47372632
48218866
47747826
48252304
48849159
47844431
48194193
47380180
48494574
48013955
47869614
48507922
48392458
47733043
48535289
48677890
48252775
48334788
47944922
47839385
48596796
48298400
47788094
48310864
47842211
49334826
48930981
48407601
48699935
47599088
47651852
48220976
48629521
48390963
48635383
49037595
48693005
47672530
48884227
49401161
48706247
49124192
48531653
48532646
49633318
48307532
48644334
48234962
48469949
48448568
48940043
49855335
49464331
48649496
47417408
49693242
49535682
48665321
48431381
48502209
48931627
49444140
48218109
48879572
49129772
50515495
48763498
49178618
48884134
48440800
49610148
48743435
49157926
49060400
49279410
50544062
49534594
49175552
48815878
49303837
49687497
49233891
49165758
50141204
48687810
50116113
49456977
49455508
50870998
49731759
50361565
50338766
49581890
50201004
49987948
50730363
49598127
50785583
49652420
49929514
50042304
49780693
49374213
50535678
49474430
50832240
50860463
49553203
50797607
49522308
49919201
49873606
50759502
49892694
50150061
50857885
50315919
50697205
50389372
50657139
50223205
51160136
50070262
50473975
50493661
50498671
50805300
50274050
50154974
49603138
51127645
50603136
49890711
50436827
50324075
52156768
50872411
50643492
50651982
50985856
50267176
50894300
50246092
51088371
50939823
52167563
50298607
51228788
50439285
50824462
49899568
50904555
50746886
50479284
50728426
51395850
51137156
51070122
50805555
50280514
51383793
52459102
51077746
52102543
53079482
50582266
51839286
50989977
51550298
50662775
51368260
51339484
51433753
50516189
51696712
51969726
52270023
52984283
51085441
51758555
50681015
51797303
50853937
51859039
52860912
51705498
51188121
51755850
51650041
52547679
52217016
52346733
51517482
51981626
52560501
52005186
52376485
51681770
51867855
51731284
51815399
51956377
51478587
52091012
51858384
53347425
52408614
52061107
51347070
51801258
52004146
52758994
52148277
51819794
53068760
51663766
51883333
51775914
52299376
52735624
51997629
52123049
51976921
53052721
52676426
53449475
52368811
52947978
52929525
53220530
53549323
52642004
52403091
51624963
53208967
51956197
52953153
52796861
54784374
52359288
52556335
52585348
52914275
52788256
52419276
52218406
53167961
52349837
51878816
53187927
52784711
53599115
54444662
53371584
53646021
52974655
53188803
53553659
53073963
53090173
53212303
53765381
52873147
53365854
53638067
53012830
53276924
53001867
53719248
51944846
55250286
53143228
53578683
53194125
54033253
52778830
53138014
53807841
53167608
53806391
52931084
53444416
54062019
53436303
52311462
52864139
53854742
54165113
54442890
54131307
53114435
52919661
53642047
53670809
54256860
53754126
53540852
54468585
53457136
54869982
53211738
53833640
53689346
54047532
53666520
54808833
53937059
53586052
53709364
54188869
54147739
54359761
54389642
53980788
53801712
55983038
55045301
54040301
54613950
54531491
54992723
54278163
54500600
53816254
56048538
54487020
54697675
53867552
53785606
54554058
54826799
54936768
54432878
55268009
55057079
54375629
54985027
54468744
54407718
54964444
55025995
54793946
55767895
54851499
55717166
55296426
55456077
54976870
54728275
55635947
54112514
55853475
55304897
54270713
55047312
55418028
54809006
54982414
54184644
55123283
56700460
56111335
54691886
55346532
55392452
55090999
55537479
55263463
56065387
55754507
55686632
55740507
55363296
55715564
55537583
55097428
55974802
55155354
56458321
55968495
55180194
55175914
55518846
55133959
55194796
56085248
56746473
55604227
55277517
55704673
54826120
55159553
55045238
56311060
56344594
56504582
56205538
56128127
56870596
56340241
56462128
56163575
56743391
56182696
56220251
56579398
56242243
57147796
57009670
56269483
55925968
57002520
56633141
56636375
57557743
56654523
56400975
56132193
56542721
56243566
55934719
56225009
57340447
56983829
57265161
56629942
57041585
56551310
57064320
56329741
55620380
56195228
57433494
55911635
55702070
56777506
55057972
56610299
57031787
55590623
58837956
56795888
56411073
56818097
56043301
57852184
56703045
56692415
56902777
58250027
57458126
57374516
55821104
58465639
56836370
57512265
57159434
56646577
57763614
57719342
57406553
56384566
56397988
57062104
56337423
57979435
57446080
57805990
56988057
59270272
57590690
57150706
57400920
57328371
57232860
58104148
57681998
57431009
57430901
57531310
57566628
58150158
58310883
57658528
57997615
58525396
57865973
56935251
57989823
57959626
57236823
58440886
57208662
57518766
58724414
57625601
58942455
58085187
57198732
57445876
57680180
57913664
57913167
58358989
58070860
57070310
56906078
58534251
57514805
57836711
58610174
58880134
58329552
58559291
58540117
58579114
58681794
58502040
58762618
57971128
58663985
58638262
58539135
59371171
60108432
58472713
59173867
58949315
58191887
58130285
58365813
59102100
59723243
59074695
57847371
58435958
58789093
58657582
58489208
58779305
58536016
58420416
58471473
59937874
59416837
59434657
59180624
59385628
59886855
58486865
61322244
59143703
59424088
58790887
58547969
58392850
59286697
59098957
60023010
60050870
60250696
59001070
60054590
59400041
60252729
60166773
59256679
59902661
60590931
59802465
59364273
59555008
60341185
59417935
59146253
59086517
61010624
59535357
60103825
60101444
60192893
59694416
59004024
59681140
59589825
61086312
59742389
60415105
59716986
60037526
