1002684
1010716
1020270
1018936
1021387
1030373
1026853
1031552
1040152
1037247
1044078
1053150
1053466
1057871
1066101
1061687
1068329
1071700
1075351
1078230
1085481
1086099
1087956
1104950
1104780
1102707
1112505
1112654
1110382
1120361
1125580
1128882
1130762
1132208
1143786
1149452
1149489
1155868
1155549
1162358
1169837
1172677
1178404
1182625
1183555
1192342
1191032
1196338
1200636
1204782
1227248
1212818
1209295
1308249
1265775
1362063
1255990
1235795
1317671
1248385
1247373
1322308
1258105
1280793
1268910
1273609
1290962
1279155
1291023
1284373
1293234
1306590
1302346
1313623
1314917
1318565
1322322
1321813
1335518
1334401
2117941
2169672
2278267
1888650
1410541
1419657
1365697
1376054
1371915
1382120
1394666
1391215
1399809
1393851
1411455
1407983
1409514
1425497
1419259
1430096
1433917
1440981
1434208
1447194
1461533
1453417
1666002
1887399
1509496
1557532
1544687
1503325
1559627
1566049
1572467
1562269
1544918
1573800
1524948
1521500
1529856
1524302
1545492
1540306
1546861
1552361
1559449
1555220
1575820
1571255
1577683
1581529
1593014
1587233
1597138
1599591
1615394
1605426
1618779
1620658
1630029
1627951
1636600
1629842
1657487
1646181
1663956
1655969
1669126
1671774
1678640
1675908
1683176
1683875
1698905
1698508
1713227
1712020
1762928
1724714
1727080
1735455
1737480
1746500
1744632
1755763
1758806
1771115
1766516
1779940
1779717
1788817
1792958
1787813
1808043
1797218
1816897
1810516
1824220
1824418
1849052
1842474
1839903
1849736
1848227
1868808
1870347
1863876
1882911
1879676
1888571
1886142
1901252
1904854
1907111
1918032
1912667
1918825
1940412
1928329
1943700
1936279
1951237
1959140
1968704
1971753
1971346
1979871
1977597
1987700
1990518
2009334
2000124
2014606
2013896
2022761
2032439
2034620
2044696
2047004
2046480
2057100
2058362
2068719
2069373
2078600
2083262
2088115
2095298
2094175
2124040
2106482
2118129
2123561
2118877
2135550
2134965
2143203
2148764
2161648
2172608
2172471
2184792
2178625
2190002
2192650
2194097
2202480
2205430
2205333
2219321
2221999
2222849
2233813
2242944
2249341
2257598
2258594
2258439
2264544
2279597
2286335
2284156
2298153
2300919
2304318
2321174
2316347
2328886
2326223
2334172
2339332
2347042
2350959
2364340
2372290
2433941
2382879
2382877
2383529
2397030
2398036
2407904
2423194
2419936
2429304
2436806
2445133
2430551
2455009
2457122
2455827
2466694
2478482
2487142
2489059
2491159
2491546
2505394
2513743
2518417
2518581
2529053
2542598
2544161
2549891
2557872
2559922
2565042
2575224
2573264
2588851
2590030
2599385
2609680
2611791
2624194
2634831
2637144
2643893
2635860
2659194
2661255
2668109
2696927
2677417
2678016
2684232
2697812
2705738
2704089
2723924
2721266
2726758
2731359
2746764
2740739
2750892
2751594
2765628
2772589
2776960
2780881
2795222
2795814
2804672
2818233
2822909
2828247
2833908
2838282
2847049
2855758
2847915
2864499
3706025
2953717
2989364
3095406
2934286
2974797
2989352
2991798
2929867
2931405
2937223
2941353
2952149
2960101
2966816
2968270
2981145
2978798
2992974
2997442
3008128
3004925
3008588
3018719
3019367
3038232
3050687
3043732
3059161
3064350
3066216
3080381
3074063
3094303
3101485
3106156
3106894
3133207
3133574
3137948
3146354
3152091
3148326
3181405
3158229
3162658
3184631
3195510
3188053
3205395
3203201
3211829
3229667
3230154
3244497
3232925
3250150
3259313
3266050
3273209
3279209
3284475
3293505
3310926
3303605
3322615
3336835
3419717
3341069
3340018
3351090
3360242
3363939
3365658
3379210
3398354
3392653
3396494
3407092
3426780
3428260
3482544
3427790
3438691
3452035
3457333
3464275
3479495
3478896
3497299
3493662
3494969
3512091
3529707
3516293
3545324
3537467
3544337
3556170
3551476
3569695
3587302
3574939
3585234
3594935
3602916
3610180
3612429
3620708
3623488
3639205
3686027
3668054
3708237
3668634
3678196
3688809
3700145
3702089
3706628
3712191
3716638
3741901
3741060
3740762
3760138
3759166
3773596
3767675
3785745
3786783
3794741
3799029
4783214
3868074
3923176
3833185
3845272
3853328
3856798
3862097
3869513
3876986
3884672
3896101
3910565
3927368
3927505
3934126
3938481
3935182
3958721
3950579
3969686
3972877
3982910
3986311
3988474
4001006
4016563
4026387
4030873
4035962
4042986
4047494
4059606
4065441
4074012
4084552
4088862
4096091
4102842
4132471
4124047
4125856
4134149
4146228
4145840
4158824
4164120
4179192
4189534
4190345
4208468
4214193
4232309
4220261
4239447
4240442
4243583
4251596
4260492
4268484
4292677
4289258
4342367
4307576
4311243
4327803
4323977
4329037
4348957
4349846
4355463
4422892
4382457
4395073
4395898
4390490
4411001
4419927
4423248
4438773
4444654
4447175
4452312
4463931
4477885
4487180
4503030
4494048
4513171
4517336
4528745
4529743
4544235
4547491
4553715
4563199
4614501
4578373
4593443
4602623
4605944
4605739
4629936
4631113
4650142
4651138
4678374
4665116
4691005
4695048
4686735
4708565
4709850
4720650
4718667
4741049
4757176
5722291
4752969
4804470
4777553
4808376
4790624
4814542
4826598
4823868
4827597
4959931
4911862
4916601
4925635
4866316
4872494
4886111
4891953
4893519
4909382
4916023
4924250
4926716
4966291
4950337
4959663
4979476
4984411
4996976
4997089
5023838
5026205
5034173
5037764
5037326
5056907
5060271
5065610
5075620
5090665
5112357
5102463
5121909
5120928
5137794
5144239
5136565
5169950
5158853
5182466
5198444
5203831
5198937
5212138
5220230
5242033
5280252
5240313
5254238
5253926
5272840
5280065
5300601
5298181
5311094
5319246
5310734
5332714
5360998
5367591
5359693
5368327
5381423
5384773
5386120
5403811
5424194
5425694
5462542
5457894
5450808
5461856
5481901
5489139
5497252
5501064
5533567
5533081
5527069
5531931
5553560
5557978
5564439
6202058
5702733
5651829
5613449
5614114
5619375
5637752
5638637
5633826
5654464
5756331
5699436
5692228
5694994
5698941
5707435
5709497
5750447
5767270
5738171
5750528
5771933
5772356
5788856
5795028
5783445
5804461
5846982
5821490
5847765
5848496
5858336
5863046
5877444
5899242
5925059
5908215
5919816
5934647
5946478
5946698
5971335
5975955
5982092
6005816
5998455
6008901
6011213
6004429
6030996
6039363
6048286
6065237
6066007
6061216
6077509
6093256
6102589
6117154
6116960
6275888
6156204
6177763
6176742
6181632
6185565
6196481
6184657
6206918
6219164
6230557
6229724
6243502
6257566
6268334
6279495
6302740
6291347
6320002
6314057
6350671
6346853
6352555
6365768
6853277
6428851
6409619
6398145
6410189
6424271
6425604
6449104
6431144
6447391
6478371
6466212
6473823
6479721
6504284
6524597
6510060
6537977
6538930
6550142
6562993
6583820
6587482
6608144
6592390
6626038
6618039
6633739
6656006
6665467
6659798
6695164
6675390
6695437
6705013
6706385
6715897
6741607
6738619
6754682
6971531
11302551
11627550
8115789
7193863
7089761
7093598
7095664
7118913
7138665
7214636
7144851
7145047
7158863
7155546
7189234
7225671
7210527
7235755
7365604
7239270
7032705
6983375
6989023
7013430
7005222
7041223
7041953
7075719
8061458
7226032
7249309
7093281
7132898
7120051
7123087
7152722
7154953
7146854
7171742
7166540
7316048
7204304
7299976
7223719
7211466
7235871
7258739
7258735
7270118
7266831
7424886
7303304
7321269
7323724
7429943
7351237
7374012
7367654
7372996
7389774
7385013
7389872
7414840
7428206
7429949
7439188
7454580
7483601
7529789
7507142
7520975
7522409
7516953
7536901
7541743
7581356
7578486
7590058
7595567
7589935
7635373
7610482
7627562
7634040
7657139
7668913
7669072
7702617
7702256
7710749
7740666
7748879
7732446
7744569
7761921
7767615
8782165
7883636
7797387
7797636
7839278
7822574
7870486
7872367
7877454
7883018
7881623
7908938
7912671
7937477
7938053
7954491
7948740
7984270
7993022
8049777
8024876
8001506
8015774
8020973
8044421
8062588
8069801
8056106
8105482
8098884
8109919
8143168
8142029
8153167
8161882
8232902
8181230
8174191
8197748
8213608
8221578
8229853
8266660
8274806
8254566
8276130
8295279
8297228
8297324
8327414
8369759
8335226
8370451
8359054
8384946
8557482
8404382
8406942
8426601
9236698
8648605
8522901
8488488
8514081
8508029
8519927
8529548
8534412
8534646
8595068
8588841
8570500
8600751
8592794
8621264
8624720
8623828
8638137
8671194
8672791
8660915
8698075
8690567
8755688
8706051
8714600
8735651
8751998
8752781
8782000
8779714
8790443
8789976
8899954
8851000
8847953
8848198
8859265
8872326
8881498
8929193
8911986
8925267
8934122
8945036
8976986
8955663
8965599
8987346
9035194
9029153
9099872
9065718
9063880
9053336
9099048
10061436
9222176
9147776
9129337
9145495
9150343
9170460
9169442
9164251
9183781
9213548
9213435
9238434
9222642
9241908
9254016
9264477
9315176
9279100
9288101
9310596
9313762
9344138
9352357
9380757
9393216
9406611
9554746
9444565
9442739
9434772
9756100
9666853
9479708
9503886
9503270
9507372
9530690
9559395
9545631
9548312
9577145
9592972
9624521
9748080
9677105
9646649
9649822
9692365
9683543
9689017
10045023
10481745
9885446
9760810
9741122
9761125
9771269
9811778
9801792
9850959
9825145
9826500
9830073
9917720
9865743
9874991
9896685
9910935
9908428
9955071
9938194
9949544
9966285
9969137
9980689
9999327
10013648
10077301
10048923
10050104
10110891
10096510
10095886
10087864
10098165
10115526
10123329
10153624
10180972
10158744
10193971
10193484
10195670
10218453
10260869
10288164
10269547
10273839
10306986
10301319
10314482
10761034
10421493
10430989
10373118
10382332
10638865
10461869
10402153
10414898
10437254
10449127
10441169
10471747
10507712
10531982
10495058
10525937
10527736
10546012
10547835
10563350
10572716
10611602
10597376
10638687
10640550
10667390
10770104
10727523
10700185
10694852
10728906
10755875
10782352
10749002
10785859
10777289
10790347
10860775
10817995
10857235
10856154
10885072
10871102
10884401
11467089
11132318
11073834
10962939
10966622
10964439
11023878
10991931
11041854
11011424
11008239
11028606
11047251
11049418
11075008
11098907
11096376
11138154
11121149
11121000
11138025
11155645
11172158
11188730
11220289
11203031
11222490
11292552
11257634
11256128
11282937
11301136
11297920
11486815
11329484
11354371
11377500
11367765
11380462
11440855
11421972
11430496
11465252
11420861
11471358
12531763
11604367
11506620
11534129
11531673
11557212
11548575
12182179
11615095
11625148
11627887
11651870
11644774
11667140
11630452
11699963
11673110
11693779
11730498
11716497
11743490
11754923
11771504
11777489
11787021
11801155
11818768
11814080
11840541
11871480
11941693
11913774
11911646
11924244
11938009
12051669
11959580
11960732
11995871
11991351
12000798
13019791
12344224
12066507
12080260
12089476
12102277
12101202
12263830
12146566
12212894
12131579
12160087
12203963
12176705
12333777
12286260
12244484
12241928
12276413
12268965
12275028
12300970
12343543
12342462
12377650
12376621
12382544
12404893
12391292
12411666
12437290
12415219
12447702
12462060
12479124
12482580
12528007
12513224
12544535
12557068
12572098
13686886
12734793
12648117
12636353
12673516
12643593
12646069
12674916
12681911
12688962
12769315
12715367
12806649
12782762
12777186
12780499
12797912
12795020
12829173
12837646
12864652
12862362
12939055
14122838
14600498
14342909
17981914
14902858
14850441
14019500
13856047
13897125
13828137
13711927
14028662
13994135
14395556
13949816
13887776
13674860
13804222
13766575
13934590
14038437
13916575
14074155
13400118
13296470
13268950
13274993
13382310
13347792
13322203
13317914
13309484
13369076
13375429
13372166
13426350
13416855
13417086
13440853
13439724
13462367
13490282
13463410
13492216
13547363
13546011
13552475
13607719
13572956
13605666
14593103
13776413
13661427
13664387
13676686
13679929
13686396
13706461
13785290
13743346
13741667
13765842
13786004
13800439
13803690
13829150
13808319
13837143
13843279
14009963
13914732
13962330
13919868
13960896
13940182
13955461
13997024
13995336
14002827
14068786
14062424
14073414
14087632
14099398
14084163
15173866
14321252
14154877
14150389
14172739
14195991
14266841
14219165
14230660
14248479
14241787
14269458
14311670
14334768
14313182
14330154
14354590
14347556
14353034
14482899
14448952
14452607
14439220
14441530
14488008
14456612
14498320
14516117
14529743
14535642
14563606
14609275
14587263
14600109
14616407
15610518
14791747
14700379
14663728
14850850
14697029
14715408
14708828
14736804
14747675
14771926
14816782
14808498
14803811
14811721
14836918
14872822
14871430
14907031
14961061
14915845
14956299
14977385
15197465
15008184
14997072
15008886
15041139
15193723
15111144
15096096
15132353
15171968
15867583
15162302
15163015
15178760
15215773
15181117
15211869
15245814
15318722
15266113
15279470
15330949
15335642
15330219
15329357
15349808
15420567
15387758
15419714
15417473
15419934
15447424
15463635
15476086
15623397
15499906
15530813
15539814
15561179
15578662
15594730
15655067
15658496
16264751
15661083
15681922
15686674
15694330
15718956
15725213
15736866
15739704
15756734
15826729
15788275
15843599
15824640
15850940
15854497
15910969
15915657
16020510
15923952
15918957
15963284
16012691
16021535
16018941
16047753
16049975
16070056
16087719
16095161
16769085
16228248
16143673
16159182
16157486
16177088
16205335
16204665
16222451
16240788
16350601
16323199
16327970
16290721
16297365
16324178
16377988
16380649
16412669
16372242
16402658
16426919
16407159
16450179
16484246
16454329
16513711
16481920
16506337
16539954
16575239
17554249
16711267
16588313
16623834
16636675
16642626
16644138
16684169
16684755
16751409
16742011
16715217
16731543
16765323
16804873
16824365
16836071
16900147
16920134
16880066
16878700
16917596
16915711
16929175
17078521
16993834
16995862
17156327
17113463
18212220
17089162
17073583
17082394
17125748
17124687
17119772
17147484
17176392
17154007
17224129
17220830
17206227
17238846
17237949
17284190
17288505
17355221
17333881
17330497
17345730
17385698
17371450
17404998
17421564
17418029
17450737
17559804
17478969
18753455
17574172
17513263
17569149
17579634
17600060
17610311
17656792
17645728
17655605
17680960
17691610
17699655
17707769
17740727
17910211
17821410
17777425
17878509
17799794
17817242
17849310
17859600
17951963
17882734
17892364
17970277
18601025
18130660
17989882
18022980
18051070
18068342
18117276
18069190
18078668
18100224
18142803
18131387
18180988
18155966
18184143
18262875
18209631
18229976
18279456
18264594
18265636
18310878
18313919
18332739
18335852
18368054
18383683
18416517
19024157
18501292
18460973
18728937
18580846
18499161
18517354
18512910
18547516
18588868
18613205
18584866
18596621
18629764
18634915
18686245
18695158
18679191
18694512
18742767
18771436
18783621
18858347
18807836
18805944
18840073
19661676
18970454
18890827
18899769
18977103
18955408
18947940
18948234
18970004
19005142
18993549
19011188
19039581
19073082
19092679
19144272
19095940
19151558
19102353
19293795
19193663
19197747
19224556
19223762
19227826
19287103
20365149
19397866
19317180
19356489
19349077
19364303
19379262
19398827
19416796
19467668
19464587
19477824
19461698
19518369
19515887
19658068
19564028
19555997
19567633
19658124
19613457
19703414
19631814
19685972
19792109
20174352
19862690
19738673
19783158
19782622
19777164
19812014
19842356
19827493
20032952
19887399
19937897
19926523
19937299
19954342
20000854
19987674
19997339
20001893
20035369
20071649
20073335
20094375
20128815
20194523
20146538
20984941
20199607
20203846
20219772
20210111
20269596
20254664
20281107
20377653
20343134
20369607
20375055
20337344
20494989
21789913
22007839
23266649
29457946
30576064
23609035
21986064
21432061
22318489
20953229
20664049
20613986
20618539
20647763
20664953
20671502
20709028
20690287
20727075
20733406
20762211
20788376
20823058
20787410
20833131
20833342
20853198
20863529
20886789
20921030
20956373
20954070
21957043
21236709
21029005
21005452
21009330
21057539
21075666
21076489
21118169
21124708
21154726
21173063
21269236
21407258
21284822
21255234
21223310
21270390
21289667
21344783
21353393
21336888
21350281
22550469
21419295
21507828
21443618
21414196
21581631
21521675
21505128
21519750
21540364
21593680
21574765
21590292
21706623
21710922
21679986
21664031
21682038
21725083
21691914
21765736
21747455
21767761
22821991
21907434
21851421
21966401
21917048
21904022
21935776
21930974
21952207
21919799
21970347
21968968
22024883
22050358
22663618
22087879
22190791
22101004
22129440
22200582
22161539
22165995
22915519
22472008
22253077
22262817
22386312
22397507
22308677
22331144
22387599
22396331
22403704
22421545
22455965
22428578
22499305
22492765
22462931
22660973
22540265
22574437
22559593
22609120
22610797
23359984
22687041
22704442
22672224
22719697
22742380
22737032
22775469
22763946
22772670
22826496
22836514
22896347
22900393
22880866
22875146
22929765
22956347
23000472
22994580
23083214
23750873
23257828
23046925
23060899
23123038
23162850
23108914
23131370
23346706
23186295
23185210
23219340
23245241
23289100
23298201
23319096
23313714
23334004
23337445
23381849
23418577
23409643
24066258
23448264
23468178
23522773
23513063
23505499
23577305
23596136
23577722
23576437
23642330
23654336
23798266
23699637
23723512
23805133
23763098
23792017
23758410
23870224
24875591
24191458
23865050
23857467
23873084
23880991
23953939
23940811
23937027
24022083
23969083
24015889
24025178
24157670
24054701
24105130
24090469
24115640
24150111
24157488
24241203
25181651
24288591
24234222
24221723
24266333
24340857
24314101
24309678
24309052
24322726
24377437
24518414
24481004
24437495
24464877
24473699
24477353
24548636
24547248
24545074
25789878
24702032
24869514
24643843
24705090
24665866
24663568
24713563
24759677
24744977
24775250
24786482
25211750
33436997
27561290
25086046
24979484
24897277
24941494
24964250
25640679
25110357
24999672
25158852
25026092
25142963
25064559
25090772
25132422
25106830
25147331
25159042
25265434
25199382
25256912
25269093
25291072
25271092
25311422
26017925
25551576
25367241
25403021
25459300
25410831
25462808
25503634
25502650
25476316
25539143
25561531
25577335
25588105
25577425
25726756
25646266
25659269
25738204
25724547
26272541
25985298
25768337
25766189
25807938
25892907
25850415
25893189
25925774
25924698
25905436
25984084
25949725
25928979
26040924
26037847
26141596
26046776
26074413
27320086
26147564
26170627
26194779
26235192
26261311
26180351
26444720
26337810
26231244
26316208
26346790
26528674
26816523
46134725
36280756
27096650
26513391
27344888
26521956
26517888
26524103
26551929
26523301
26582399
26595986
26653960
26619773
26660748
26673817
26679734
26705267
26729002
26764097
26777933
26764881
28174472
26963850
26850296
26859999
26893726
26894179
27032299
26970545
26981244
26960832
26984813
27062114
27001999
27075158
27115092
27137841
27169034
27107532
27225332
27928936
27206776
27268763
27225813
27292582
27255356
27286269
27360050
27320706
27389797
27568633
27596660
27482059
27467613
27482624
27573652
27542480
27563827
28717267
27601877
27605174
27622070
27675366
27655647
27641957
27759597
27709026
27729445
27898458
27766641
27804043
27823903
27851843
27960724
27876516
27947191
29017748
27932264
28061824
28001422
28003686
28024376
27995473
28082621
28072316
28129048
28245708
28159881
28177705
28162249
28274436
28256149
28246397
29535939
28329497
28336504
28566655
28380325
28382119
28412677
28424893
28414825
28459370
28524037
28519279
28539882
28566295
28721245
28601343
28600372
28676363
29870156
28685552
28720051
28702560
28787413
28752412
28790487
28769610
28789626
28809874
28881400
28870881
28883940
28976000
28981063
28963705
29003571
30300018
29005591
29064578
29076486
29089254
29086185
29280701
29129965
29162467
29196128
29251166
29269828
29266596
29270816
29305870
29333679
29320385
29942753
29492424
29401164
29421064
29404178
29488922
29570081
29537474
29557949
29567499
29646468
29589423
29614864
29653989
29724136
29682918
30408838
30126108
29783410
29870741
29819972
29810996
29810171
31258026
30453816
29974830
30217204
30931794
30328924
30034114
29988336
30035123
30074086
30632782
30164403
30146137
30087475
30166713
30131845
30203712
30230635
30242285
31842796
30379794
30337584
30315030
30367843
30433336
30386177
31361825
30555161
30463096
30511571
30492423
30518938
30553199
30558303
30571891
30604910
30674317
30660899
30674138
30694618
30711586
30780340
30790664
31512827
30819248
30986565
30912500
30835056
30881234
30941568
30932852
30948322
31031803
31016261
31029569
31052159
31092811
31094700
31795760
31387397
31166041
31201476
31195570
31218375
31208491
31309411
31303768
31275841
31356212
31559352
31324667
31517261
31429480
31432499
31496286
32232616
31509439
31489834
31549802
31578440
31580855
31584594
31611192
31639437
31712112
31667876
31743643
31838596
31781404
31800475
32454006
31869558
31834044
32053156
31956789
31886080
33638258
31959211
32005543
31976598
32000781
31998170
32048757
32089835
32085526
32148054
33018155
32160938
32182989
32205512
32208183
32279508
32277078
32310943
32321964
32393518
32356225
32378677
32451092
32456604
32565369
33496483
32562843
32526357
32539022
32531986
32599092
32585443
32596823
32636520
32726294
32689265
32692705
32720010
32789847
32787348
33628517
33027734
32837645
32920856
32963690
32964754
32945328
32935324
32966612
33229258
33003927
33033361
33118873
33182214
33112001
34124264
33223142
33200127
33291995
33293150
33215179
33318803
33280546
33304460
33531124
33581934
33361035
33388444
33444876
33454977
34165716
33545432
33651821
33985747
33534146
33592810
33620637
33627766
33641660
34737838
34057991
33751057
35444993
33822877
35078418
34208954
33832563
33950526
33928392
33886056
33890924
33941108
33971428
34028300
34013764
33996619
34174676
34088211
34122874
34628391
34959704
34218583
34212556
34276374
34238634
34285473
34318198
34295915
34450193
34358269
34360121
34567615
34440812
35033030
34753799
34550756
34551350
34564267
34608554
34750563
34644745
34666239
34672011
34686746
34705085
34742212
34779981
34869164
35447660
34838721
34930701
34855442
34909222
35002575
34928502
34924506
35030765
34987525
35064211
35074057
35281900
35068899
36556298
35311426
35158721
35222570
35209188
35295618
35260797
35275864
35252865
35286867
35330820
35334275
35412040
35422307
35951389
35590928
35465935
35514414
35533534
35582309
35557604
35599485
35741587
35686530
35657969
35673891
35848840
35764089
36483141
35839863
35809964
35871699
35895403
35881155
35908886
35979752
35973897
35979112
35944851
36039001
36064304
36037375
36736976
36134554
36277783
36175655
36188224
36182464
36253677
36232331
36283221
36269605
36336703
36414449
36382507
36947428
36752799
36445096
36569390
36628007
36494664
36565002
36679952
36547906
36562832
36652305
38219032
36724683
36708273
37600690
36808063
36777933
36776232
36812765
36812633
36864872
36841518
36938362
36934430
36947731
37098366
37016173
37746197
37147767
37074883
37184131
37192862
37117406
37354243
37220387
37275598
37226065
37225536
37287615
37274714
37268733
38120436
37360821
37436022
37420263
37478413
37509074
37537130
37533742
37613615
37580642
37572402
37747807
37691721
39103662
37757032
37731523
37831817
37775856
37830288
37802631
37833298
37886784
37888270
37957005
37886123
37900719
38026103
39290258
38003998
38026362
38072222
38043650
38101803
38112299
38538159
38253311
38188192
38341600
38249345
39015795
38402680
38319603
38345082
38338209
38423358
38484393
38401885
38562679
38564356
38522927
38607473
38526665
39262208
38760197
38680211
38737216
38654792
38682261
38730172
38737624
39365979
38869514
38833438
38993830
38874744
39790104
38994459
39001270
38978227
38967077
39000672
39071982
39056025
39115152
39120272
40754431
39195840
39181376
40484595
39271109
39240315
39350235
39303083
39330825
39340943
39424616
39411013
39406054
39575176
39482304
40434797
39636368
39510820
39588658
39613987
39905861
39651803
39730275
39731234
39737766
39784362
39801147
39783961
40604011
39882103
39946848
39895394
39964434
40015141
39983579
40027878
40026804
40040501
40199890
40065617
41363224
40219820
40198467
40178019
40190187
40235523
40258418
40289178
40338601
40340381
40355354
40361596
41563255
40542168
40450191
40444839
40469555
40544862
40538380
40564205
40834565
40620936
40665635
40783091
41865208
40809631
40791128
40755316
40850642
40836370
40875534
40854389
41035583
40946660
40922038
40975088
41045354
42160000
41040235
41202946
41123329
41115873
41159046
41203148
41270126
41210506
41232346
41982654
41322381
42504169
41406265
41420545
41383028
41475643
41436507
41490640
41593830
42048537
41676157
41588285
41609077
42526206
41674117
41735512
41716021
41727514
41748456
41774684
41870714
41825198
41975148
41932511
42747018
42147967
41944698
41993688
41997795
42224922
42069694
42061747
42167670
42109116
42158800
42158924
42203792
43046219
42294808
42277137
42266673
42383402
42404371
42384221
42478280
42425861
42500581
42459384
43599846
42636402
42567663
42573755
42621124
42656140
42645130
42685602
42763709
42735419
42792507
42861189
43190569
43152751
42843866
42889098
42910016
42930934
42921107
43186494
43018971
43094173
43045717
43088795
43888752
43203110
43191810
43221072
43178137
43238286
43301975
43331087
43355302
43409021
43375351
44211911
43448310
43625923
43529168
43473394
43551165
43575586
43559403
43598984
43675771
43680417
44656040
43708496
43747099
43881623
43850983
43820439
43826743
43903930
43872016
44006532
44005656
44666191
44166683
44015195
44055457
44088518
44109952
44144746
44204191
44174460
44183247
44278943
44858800
44464076
44254126
44342388
44345850
44535613
44472770
44395298
44459114
44498587
44488123
44577466
45373276
44589431
44555461
44655055
44656236
44716086
44747593
44755153
44753651
44848767
44836189
45998053
44892966
44876782
44911168
44956596
45039892
45038368
45011638
45058245
45090985
45132673
45925437
45228132
45135367
45273142
45229849
45300654
45332733
45513959
45338519
45466704
45468684
46412930
45438262
45539475
45573689
45591815
45546098
45638703
45770098
45667920
45666531
45751485
46500770
45736347
45980386
45830113
45776279
45812149
45893702
45900183
45890348
45992670
46961490
46191521
46096482
46028609
46109629
46095035
46154091
46205968
46179049
46324838
46231950
47255329
46361083
46300129
46478284
46327466
46407691
46353401
46539814
46455494
46672825
46499619
47747072
46618623
46789630
46664069
46784803
46760253
46698087
46787118
46774093
46785770
46848166
48004550
46919425
46882641
46892556
47019534
46938227
47029336
47078859
47080350
47154390
47239538
48317300
47145624
47191737
47260487
47252839
47243732
47329149
47309189
47354256
47439886
47485698
48356970
47467719
47452163
47491058
47525104
47727603
47614339
47645232
47700114
48305779
47931406
47772556
48238711
47797597
47776915
47879989
47934694
47880839
47939016
47959840
48817355
47940403
48147281
47993756
48045600
48073952
48100765
48183080
48196802
48230050
49180286
48324815
48346654
48330015
48314905
48365251
48429525
48472563
48612629
48553325
48520330
49444361
48554491
48564017
48571117
48613448
48739090
48692657
48686083
48779392
49776413
48844589
48840007
48890445
48892928
49076416
48993453
48922266
48945803
49024118
49710364
49236737
49127554
49176541
49114798
49248443
49221452
49265691
49222564
49348138
50047695
49667716
49291129
49443982
49464752
49444185
49484415
49494370
49532480
49618187
49582285
50565980
49648816
49713134
49699188
49632840
49857348
49917247
49792455
49844846
50567704
49991540
49888859
49948342
49936102
50059422
50043725
50031947
50089134
50201645
50388551
50872360
50201830
50693834
50219264
50289435
50294683
50285635
50332094
50467298
51643269
50444105
50451644
50594440
50545293
50528545
50606479
50606029
50719973
50768760
51833405
50744705
50793164
50804913
50724711
50826484
51037374
50859624
51075340
50990698
52173751
50996520
51080074
51034891
51195307
51148097
51287791
51098901
51198981
51161165
52492342
51212782
51273496
51339917
51596282
51342968
51500973
51482374
51488265
52225298
52002609
51496862
51590596
51623406
51664746
51620715
51743203
51712871
51735690
51834083
52647106
51844899
51908196
51884522
52105860
52105043
52078118
52057606
52031129
52860268
52181391
52180646
52115514
52175705
52223987
52203502
52242549
52266788
52359047
52327304
53331780
52453034
52381069
52478503
52480980
52488110
52586511
52522705
52627800
52917358
53325927
52685816
52699787
52707564
52799453
52925225
52840048
52788101
52920059
53816650
52927242
52932508
52992257
52991619
53078298
53170883
53155591
53098072
53801977
53342867
53363719
53251121
53218670
53339229
53359280
53342366
53415065
54205012
53522327
53448194
53562916
56854879
61951163
56303061
54957509
57438558
58757880
54060956
53737274
53794442
53812735
53853297
53854123
53836875
53944898
54799584
54080181
54006956
54024215
53999000
54170770
54112851
54155032
54173005
54858933
54307030
54214966
54215212
54283373
54405041
54365031
54447254
54400655
55075870
54691534
54476137
54523038
54489599
54557823
54622725
54632892
54785012
55488890
54824046
54779863
54797789
54813342
54841963
54862474
55063989
54943004
56058809
54965108
55023046
54992937
55156419
55076607
55099235
55240837
55186508
56322365
55190797
55260204
55440197
55300809
55391453
55378063
55429758
55408608
56522603
55504608
55655270
55584347
56375256
55657535
55653799
55669405
56765925
55865357
55792176
60059874
73153491
62348595
56081267
55934392
55963190
56544305
55980479
56036207
55996291
56063408
56254269
56120344
56312437
56984678
56243186
56181643
56367695
56307581
56359933
56415179
56347463
56477339
56443189
57192406
56736243
56762504
56610005
56588063
56962114
56769213
56718929
57390416
56836308
56905126
56816351
56834649
56904833
56867683
57112311
56990075
57196265
57457183
57100629
57013597
57087690
57108956
57210360
57352864
57186094
58408766
57330991
57353950
58880353
57422000
57380249
57426080
57467964
57461073
58154636
57674116
57563917
57624756
57661213
57607615
57825898
57761084
57933792
58893503
57869806
57850940
57790020
57867617
57891878
58004479
57919103
57984397
59265367
58098810
58186081
58116196
58286439
58247807
58260511
58266641
58276777
59151190
58351751
58364508
58404308
58431201
58426552
58485772
58456075
58653976
59767112
58645762
59536827
58710309
58834209
58770171
58760911
58788531
58836942
59720668
58882995
58875457
58898704
59119107
58958030
58998901
58966271
59072718
59212137
60041197
59194254
59309601
59261633
59223019
59300838
59318926
59391143
59460062
60300787
59479914
59472489
59482226
59538708
59581886
59566525
59669406
60637023
60003935
59785512
59718650
61559348
59820284
59871643
59873716
59820472
60455913
60337412
59998170
60062019
60039353
60041959
60078926
60097406
60234864
60222775
61569713
60284835
60251392
60281786
60297073
60407876
60461137
60457091
61154393
60492392
60627148
60692065
60543432
60590532
60753503
60659828
60849519
61627865
60761767
60742874
60802971
60842827
60903453
60900503
61067844
60974225
61848825
61001731
61074303
61086505
61248006
61143789
61279383
62146544
61305671
61292619
61346852
61504186
61389607
61331821
61423368
81346973
71345195
61513644
61492722
61752824
61654693
61619931
61720941
62957480
61924752
61742315
61789909
61827119
61874570
61831478
61954409
61854453
62525018
61984448
62021260
62065357
62185559
62283355
62179365
62832773
62357194
62302753
62313848
62327156
62316893
62416206
62450212
62853384
62693403
62580730
62520973
62554669
62689613
62619573
62769014
63389232
62752981
62839722
62783098
62726780
62860787
62836523
63019216
63992951
63049656
63356587
62991479
62992730
63120186
63186363
63305949
63979577
63293368
63242559
63236484
63491801
63279696
63370617
63401479
63853685
63473031
63465634
63568093
63490583
63547176
63720082
63661531
64786735
63887087
63858587
63822228
63785067
63801691
63871202
63874994
64678913
64015400
63933839
64070850
64000415
64254532
64189925
64236901
64876648
64162525
64236121
64232334
64312233
64354878
64365197
64345130
65110004
64601880
64552782
64465200
64553656
64659361
64621385
64605479
65430459
64773377
64786315
64728168
64741572
64961136
64797315
64891547
65738764
65013035
64959460
65059902
65028733
65188042
65081214
65102700
66345491
65132108
65429113
65235265
65224859
65388014
65338696
65336626
66319794
65588834
65432271
65472603
65667928
65713347
65756491
65665875
66811888
65685988
65689778
65711734
65763965
65915544
65841114
65818104
65850215
66680092
66226393
66096429
66071710
66075951
66027874
66171366
66150277
67124224
66241948
66238329
66258678
66490199
66501002
66363635
69218816
66952766
66617604
66498882
66508157
66663701
66572264
66654950
67822157
67060456
67007000
66665880
66799610
66812471
66852726
66894874
67661389
67283056
66959433
66952183
67040276
67166891
67248243
67089730
68007703
67273289
67215242
67308023
67280872
67410491
67368855
67462288
68223404
69151034
67539548
67567327
67572311
67594262
67528282
67698854
68633614
67767981
67775102
67785804
67819921
67969087
68026862
68694412
67919112
68037186
67982409
68060009
68060062
68155766
68121316
69016376
68235574
68407608
68298331
68301753
68325586
68625728
69291057
68422137
68541284
68603467
68499834
68519956
68540413
69408453
68991486
68771533
68673393
68731641
68722774
68901112
69842409
68853492
68911874
68895588
69237060
68951591
69005425
69689111
69275512
69172520
69293688
69230119
69236856
69337947
69383485
70527179
69505607
69365984
69353222
69426235
69434486
69481873
70744467
69586136
69603577
69582964
69805468
69867352
69824402
70939110
69822474
69768000
69907034
69912822
70188396
69999747
71150904
70029525
70365686
70074476
70583131
70186680
70250183
71425916
70237204
70267345
70347362
71442955
70376158
70426238
71576215
70539036
70590078
70527358
70595623
70588350
70803238
71686809
70752486
70705029
70826354
70968006
70830002
70858687
71704302
70977554
71015737
71012492
71128391
71061867
71189215
72204014
71370903
71170003
71334295
71258287
71325122
71331164
72167813
71526705
71431527
71469781
71560496
71655342
71738799
72728893
71643490
71683306
71645116
71739704
71775317
71767071
72527277
71883707
72058024
71886406
72146048
72016296
72173471
73005878
72143770
72145112
72117244
72227151
72240249
72429251
73033720
72271519
72351447
72354809
72662872
72459907
72788547
73515383
72570725
72571284
72778497
72772255
72642311
72662022
73594941
72821867
72820089
72895989
72939281
73019938
72953880
74076895
73053611
73053579
73091117
73148091
73116547
73134274
74175269
73364329
73463257
73233546
73503104
73501913
73370089
74384228
73443102
73480466
73463604
73574088
73636756
73614257
74623785
73867462
73724950
73810003
73887953
73824991
73843068
75115039
73933702
73962778
73958624
74065447
74326108
74600641
74467868
74136732
74278211
74215760
74270708
74432371
74302488
75188186
74389929
74628486
74468407
74558027
74486317
75183784
74737550
74728580
74721865
74694314
74724710
75007093
74819079
75573525
74877323
74921772
75031057
75012422
75090400
74977969
75879931
75119588
75356436
75246661
75230406
75316701
75452706
76239565
75377478
75412498
75350225
75444896
75576552
75453300
76769093
75575862
75650583
75611969
75784217
81380075
89511988
86392013
83146026
78549914
78519523
78240604
77555808
78843907
79085179
78091665
78538769
79353164
79077426
87852561
87947102
87891384
82563293
76372217
76733020
80666584
88627930
91932989
87211795
86496511
83789165
76745484
76613721
76682646
78552285
79233598
88198194
92338056
94122280
91005228
89087878
87255491
78904158
77880295
107400620
104789275
83039727
79047771
90679507
91762213
87207067
85246014
79680239
77659463
77330793
79262853
85455354
84807406
80966787
77632681
84704833
104778558
85171433
81550699
81132483
78931958
85589149
78576363
77951078
77989913
79314945
78243879
77989108
79157048
84421989
78283717
88516404
78899285
80411775
81380926
78838838
81404366
81490524
86868943
91171741
89876120
90154968
90905988
87771956
83471488
78830825
78689963
78755004
91276664
107240982
94592594
80501225
78998967
78953710
79575937
82393098
81614515
82976338
90510471
88858041
82171785
79690917
85405506
88705951
85342377
82493143
84088275
83267865
82728222
82547892
81841756
82540723
82413379
79999752
82513036
79724731
80600537
81787001
81334607
79905608
79979401
79806805
79925754
81570708
80201874
80076025
80055081
80176287
80416269
81851398
80149740
80264019
80258571
80252993
80349364
80360371
81614250
80379031
80647353
80448725
80551477
80582845
81652576
80800366
80854326
80707202
80761104
80762686
81897748
80847493
80814465
80949436
80891349
81057907
82428064
81043859
81049573
81300330
81179695
81143491
82731940
81315058
81238964
81446198
81433815
82294188
83074176
81761747
81537785
81587182
81637598
81614184
82863496
81705498
81823443
81667065
81734992
94165022
92601497
82223865
81862484
82034728
82019018
82045994
82044485
83605293
82387146
82188935
82174312
82778546
82327794
83496048
82342521
82317247
82390994
82483429
87388035
83791020
82572305
82591213
82644015
82720065
83892752
83097802
82883969
82862825
82998387
82865138
82892920
84185502
82991386
83131920
83164600
83114505
83648667
84129307
83173670
83167435
83252639
83388425
83305746
84574068
83493244
83471151
83507248
83940622
84212911
84077716
83609337
83630761
83711330
83855071
83798921
85245834
83973286
83912875
83893465
84078317
85166589
84172520
84051347
84109693
84091023
84177974
84376353
85443281
84236185
84505751
84280269
84379731
85787939
84491871
84495384
84721114
84489299
84666162
85591068
84845169
84680844
84842882
84910622
84821165
84821553
86923068
84925011
84850056
84894241
84962437
86643763
85151419
85189834
93443813
95576050
93812600
88333676
85325996
85419128
85428581
85354038
85352745
87117291
85671135
85535839
85652431
85662722
85700590
86774400
85934239
85682168
85743545
92377535
86134133
86844852
86376773
86233153
92388739
98698661
88316610
93291207
95629684
93861800
94619352
110921706
117029464
99404413
95667924
92205412
88493800
88373221
88825123
87811287
86583541
86579607
88490001
86862579
88397999
104480110
103024257
93417078
89172192
90014106
100147343
103900041
107494759
94046338
99794689
92725255
95687382
93068419
98792185
90777777
98259690
96553391
101928174
102074478
119200062
116795688
113646529
110171672
111894045
106479495
107092800
102982861
108877165
104706085
101341936
99139046
89761603
94671097
88701491
92447893
96267294
97178767
95908484
93991904
88967548
88669225
88253740
91730922
91561718
88279067
92091803
88433220
88421902
91856579
89445982
92608743
93413190
91920220
92095937
93864034
95576513
95501395
96623326
92391972
95670572
91968132
93724263
94566839
93196837
95036883
91846295
94545333
95970965
99859122
97380395
95644620
96246294
96766750
99772875
101476157
99444689
107113552
109037315
110860467
112139563
109794968
104803799
98983610
98699914
97583298
97285848
97238440
97260652
98532188
99783515
97943286
96523981
93754044
93717669
101112935
93962117
93804353
93800010
94465844
96473239
93996099
91343713
90876392
90760340
94496721
93204582
90661542
90894577
90749382
90640927
94730026
91447328
90915042
90993200
90942414
91222100
94944365
92652177
91012835
91079509
91180309
94933939
92378231
93449695
91965654
91393000
93699727
92203277
92714440
91752691
94042960
91550092
93884871
93597170
93512866
92170900
93149111
93656874
91883612
91821392
93604565
92987458
93604787
95609601
92390018
92168123
94107188
92271868
94786362
95818922
92813674
92299718
95909326
94780957
92466646
93434444
92753567
92470995
95947320
93404901
92655707
92623950
93873415
92658587
95943861
92864018
92858311
93199353
93991387
94216534
93856786
92979095
93133156
93049634
94000922
94823159
94491965
93334953
93336778
93421774
95286537
94882887
95881944
93458098
93758354
95430589
93590147
94838824
95052978
94463852
95558858
93898822
94152478
95193879
96110990
95634422
94301161
94078074
94134131
94327293
96267586
96227132
94185629
94136968
94248409
95573835
97208308
94423326
94409021
95126904
95221560
96045315
95636892
94764569
94726568
95841094
95741403
95111074
96971133
95414568
96469892
95287602
96650138
95073740
94992395
96475793
97554850
97523525
95180307
95208294
96940276
96997717
97651739
95350760
95641291
95395920
97253581
98081678
95640678
95736116
95726488
97090949
96776529
97214016
95844148
95731656
97339152
96998882
96368491
96122203
97374303
98032596
96153382
98030923
96132328
96140985
97300088
98006328
97515204
96560701
96339165
98148149
97504106
97940212
96583638
96596204
96655587
98201937
99118376
96834111
96703357
98466369
96945938
98552628
98200067
97111200
96971083
98424563
97911873
97101425
98373924
97366623
99023145
100903664
97562858
97342315
99019493
99082322
98440965
97523815
97521475
99176230
100099167
99550409
97718125
97686400
97765637
98514908
100068955
100320265
97938663
97942416
99291522
98879186
99222285
98434287
98055730
99413110
99790487
98561715
98643241
98689998
99392576
99447784
98720358
98477261
98816864
100335059
99240551
99108331
98639237
98832480
99956026
100594912
100493649
98868707
98857322
100015481
99522334
104062592
106611997
114946376
113924958
103972367
103147773
99509216
99339845
101041984
101177234
99521155
101045736
99563879
100563990
101308854
99623617
99732642
100718940
101703471
102990281
99790711
99818613
99962180
102773321
102437337
128356078
121303801
116426562
111886460
104820736
101567122
103088302
105801570
115611676
117620695
127363147
126500717
125009351
112701490
111686205
112512846
134470269
119688024
106783128
100888019
100791523
102796225
116892390
105303504
103848970
105116946
103453217
101401831
103139293
101901694
101223988
101223845
101150130
102383992
102672601
101406568
101406997
103085090
102427446
102050329
101646198
101734722
101715477
103084861
101706785
101925942
123367127
101883174
103069819
101789926
101941083
102017862
102184107
103371351
102084039
102092711
102223158
102292670
103268874
102208159
102491925
102437246
102455546
103689995
103331830
102549429
102568476
102628611
104536518
102733699
102703548
102924975
102895244
104257954
103872199
102930616
103203749
102970354
104009342
103021817
103049825
103314109
103106250
104261536
103569468
103656330
103334924
103459585
104585544
103454884
103544353
103798690
103617010
105611278
103658383
103740596
103849975
103754343
105042846
104063660
104005170
103903641
104045344
105533862
104066245
104042259
104102649
104314083
104223636
105947908
104398641
104358634
104552001
104356430
105933959
104647059
104561617
104596702
104627232
104613265
106109515
104753870
105137673
104909849
104846899
106090421
104945233
104966275
105005545
105474801
107210722
105189685
105122041
105220209
105336922
106642299
105311746
142692961
107284673
105422320
106828510
105568569
105533368
105641022
105882162
107360956
109352946
118341714
119644206
109058162
108343917
106129477
106077165
105958962
106069294
108448088
106358695
106200788
106213954
106413290
107482057
106406694
106322670
106618224
106472622
107622258
106792961
106620187
106613354
106686616
107924929
106779905
106856515
107024115
107027115
108363942
107169114
106980853
107210080
107031984
108407064
107384176
107149347
107219990
107318671
108522557
107480458
107329222
107533299
109049370
108626206
107504778
107531561
107683710
107752136
108822245
109339277
107836609
107762507
107862856
110023915
108001068
107957707
109894436
108062531
109938063
477982374
218637577
161708306
185831535
132178521
134542672
121451478
114605251
116202990
130595266
135816260
119440097
141568510
115133304
113404955
109906567
158706118
107227935
108917274
106977079
105392754
107170290
114854537
116825253
117113331
178088670
121999964
110997869
106152523
106326711
106759115
117743971
113132208
106936945
107074322
106729690
106639948
108754838
106363093
107120651
107000891
112825090
109189070
107170701
106946534
108202410
107233316
108729154
107499334
107166613
108620830
106816471
108384724
107587307
106966860
108456971
107338839
109336407
107411051
108070207
108826979
108135959
109822404
107777086
107377814
107455964
107341250
109750699
122932184
119187805
115902935
112238451
108465683
108027240
108504201
108052135
108378482
110604314
109161154
108767983
109782199
108446017
109353609
108116666
108683259
108904351
108208779
109983679
108081051
109311148
108927754
109505821
111165996
108407435
109019062
108712796
108672775
110091561
109237369
109516093
109067092
108846872
110223714
109641436
108767949
109171189
110192303
111014844
108981336
109608886
109797273
109030509
111114978
109523023
109332648
109414405
110119786
111006663
109874133
109538141
110031703
110181766
111091231
110965300
109934211
110790844
110184198
111805060
110502119
109625421
110407703
110444512
111769633
109721143
110520722
110802170
111504603
111607826
110021094
110707003
110669484
110350624
113325761
110901319
110880950
110674208
111330975
112595589
111081827
111029810
111067097
110956013
113085616
111364256
111685952
111539027
111821843
